cond,i,M,S,R,s_ma,rho,beta,e0_p,e0_coef,e0_ok,t_e0,e1_p,e1_coef,e1_se,e1_converged,e1_ok,e1_scale,e1_vc_model,e1_vc_model_arm,e1_vc_path,t_e1,e2_est,e2_lo,e2_hi,e2_reject,e2_covers,e3_delta,e3_lo,e3_hi,e3_reject
M3_S10_R1_sma0.03_rho0.5_beta0.05,0,3,10,1,0.03,0.5,0.05,3.158842936501649e-05,0.02411111029403261,True,6.754752159118652,0.20442506497757318,0.024503827349958318,0.019308874048021202,True,True,0.000837305879485533,0.004288175468222668,0.00047551833755498095,1.4110615087786638e-05,0.19582629203796387,0.02450382734995882,0.0022131242577421053,0.04861626859347873,True,False,0.22666666666666663,-0.06672222222222221,0.5222777777777776,False
M3_S10_R1_sma0.03_rho0.5_beta0.05,1,3,10,1,0.03,0.5,0.05,5.393501585254457e-18,0.06131468164688807,True,6.609863996505737,0.03971667979576812,0.07048582415217013,0.03427159500116429,True,True,0.0009954497309921757,0.002212728446162766,0.0016622683627866665,3.311148850308693e-06,0.2708408832550049,0.07048582415217708,0.020312384812508997,0.13823279662554724,True,True,0.4266666666666667,0.13777777777777778,0.6667222222222222,True
M3_S10_R1_sma0.03_rho0.5_beta0.05,2,3,10,1,0.03,0.5,0.05,6.020858396236227e-20,0.05294028105090392,True,6.735257863998413,0.019695931353802702,0.04729140027700569,0.020278544303171026,True,True,0.0009404533447876612,0.0007672236179407083,0.0005227837041047269,3.4891036754917e-06,0.2185051441192627,0.047291400277007206,0.025787501916283737,0.06758571604211326,True,True,0.6088888888888888,0.3820555555555556,0.8245,True
M3_S10_R1_sma0.03_rho0.5_beta0.05,3,3,10,1,0.03,0.5,0.05,1.80491922258806e-36,0.0712545598022849,True,6.622029542922974,6.217559647648521e-10,0.07349363721730329,0.011882917256541475,True,True,0.0008898264091145461,0.003744684362454278,0.0001228229428772628,2.169461583597552e-05,0.1933140754699707,0.07349363721730384,0.03737262491324516,0.11049046461637894,True,True,0.5866666666666667,0.34877777777777774,0.8022777777777776,True
M3_S10_R1_sma0.03_rho0.5_beta0.05,4,3,10,1,0.03,0.5,0.05,2.0171995773092938e-23,0.05857319418210219,True,6.700031042098999,0.029586909642997702,0.06124280048823931,0.028150142397712543,True,True,0.0008758602174213635,0.0023185656268877868,0.0011010597537750104,3.970731127438504e-06,0.39583373069763184,0.06124280048823856,0.023563420385627473,0.09975654365220965,True,True,0.34888888888888886,0.06661111111111111,0.6178333333333332,True
M3_S10_R1_sma0.03_rho0.5_beta0.05,5,3,10,1,0.03,0.5,0.05,8.911368243219514e-07,0.03099032620897514,True,6.487938642501831,0.132550654810482,0.037360050196632924,0.024838488872816294,True,True,0.0008900292190813484,0.0012338758729496925,0.0008364228723194469,1.333710009825924e-05,0.2380058765411377,0.03736005019663559,0.0036040760484844715,0.0662334106620945,True,True,0.4288888888888889,0.15311111111111111,0.7022222222222223,True
M3_S10_R1_sma0.03_rho0.5_beta0.05,6,3,10,1,0.03,0.5,0.05,0.00015809393941533398,0.02319518223462371,True,0.24605035781860352,0.48719779371234506,0.024218125025900056,0.03485762600635345,True,True,0.0008714350821654607,0.0031581401964879178,0.0017354376279820497,2.3873082328963097e-06,0.3974730968475342,0.024218125025903637,-0.032442381667197255,0.06975435660673304,False,True,0.21999999999999997,-0.12477777777777772,0.5267777777777777,False
M3_S10_R1_sma0.03_rho0.5_beta0.05,7,3,10,1,0.03,0.5,0.05,3.7856603830002195e-27,0.060325172548801376,True,0.2053210735321045,5.274127178886016e-07,0.06484096161002642,0.012926666289149758,True,True,0.0008878735713742725,0.0010444373388367196,0.0001618606948891341,1.8464192353881675e-05,0.19843626022338867,0.06484096161002581,0.030024930793933778,0.09671698536213162,True,True,0.7222222222222223,0.5043888888888889,0.8755555555555556,True
M3_S10_R1_sma0.03_rho0.5_beta0.05,8,3,10,1,0.03,0.5,0.05,1.6969488922273813e-12,0.04861561787287195,True,0.3349020481109619,0.19848530079000803,0.04332526548458532,0.033693112779550734,True,True,0.0008596081534665286,0.0017915525033442038,0.0016168779578169812,2.5177601015838444e-06,0.2790238857269287,0.043325265484585866,-0.008575531276137466,0.09709978333032711,False,True,0.2711111111111111,-0.02450000000000004,0.5511666666666666,False
M3_S10_R1_sma0.03_rho0.5_beta0.05,9,3,10,1,0.03,0.5,0.05,2.9163399479360672e-25,0.05999214390024707,True,0.14664125442504883,0.0004644486227241839,0.056764434014751404,0.016216258993672926,True,True,0.000885942371953086,0.002760822882552774,0.0003058563464295009,2.831804364741344e-05,0.19998478889465332,0.05676443401475019,0.007672026966480491,0.09628595617309399,True,True,0.5066666666666666,0.25111111111111106,0.7555555555555555,True
M3_S10_R1_sma0.03_rho0.5_beta0.05,10,3,10,1,0.03,0.5,0.05,8.387697536564706e-11,0.035874530961811014,True,0.38533473014831543,0.013067794743410051,0.03468013071291245,0.01397312632427787,True,True,0.0008418446742391699,0.00016501383363318878,0.00020868792148743021,2.083644411567228e-06,0.294849157333374,0.034680130712912885,0.00906412467897069,0.05484375736349438,True,True,0.5577777777777777,0.2844444444444445,0.7734444444444444,True
M3_S10_R1_sma0.03_rho0.5_beta0.05,11,3,10,1,0.03,0.5,0.05,0.00039166407434086653,0.021880991143497362,True,0.4225625991821289,0.2638297610435809,0.02544296301725305,0.02277009609401067,True,True,0.0010179783185346248,0.002798072844508067,0.0006759180823422817,4.352429917166841e-06,0.3694145679473877,0.025442963017253403,-0.0074541375398042495,0.059338272138710915,False,True,0.1555555555555555,-0.16227777777777783,0.4378333333333333,False
M3_S10_R1_sma0.03_rho0.5_beta0.05,12,3,10,1,0.03,0.5,0.05,2.0420605844857465e-15,0.04574661136235868,True,0.34529948234558105,0.01613674165119792,0.04180175326483047,0.017375348616857328,True,True,0.0008727458068774822,0.002489975020809045,0.00036557952864823553,3.278887573132288e-06,0.2886488437652588,0.041801753264830974,0.005313716924869795,0.0743920652120323,True,True,0.3733333333333333,0.07316666666666664,0.6422777777777777,True
M3_S10_R1_sma0.03_rho0.5_beta0.05,13,3,10,1,0.03,0.5,0.05,3.2114502935148357e-53,0.07907690530873503,True,0.20123028755187988,4.013512721914141e-23,0.08218930354978671,0.008298889654624482,True,True,0.0008091084761131447,0.00047566683144077904,2.2396506638132736e-05,1.0720870106883934e-06,0.2714667320251465,0.08218930354978568,0.06430910087935639,0.09827634900775767,True,False,0.9533333333333334,0.8777222222222222,0.9977777777777779,True
M3_S10_R1_sma0.03_rho0.5_beta0.05,14,3,10,1,0.03,0.5,0.05,5.966711032380168e-32,0.06869678053924091,True,0.24439644813537598,2.386946330761845e-10,0.08310146203250612,0.01311964711734505,True,True,0.0009395749478791959,0.0009851315298594764,0.00016423021593757085,2.408753954568884e-06,0.1974320411682129,0.08310146203250637,0.05192824135042406,0.11868333409320687,True,False,0.8266666666666667,0.6710555555555556,0.9333333333333333,True
M3_S10_R1_sma0.03_rho0.5_beta0.05,15,3,10,1,0.03,0.5,0.05,3.842936838987746e-14,0.04264858854160908,True,0.13861846923828125,7.187795416303543e-09,0.04728505494220222,0.008171648402831352,True,True,0.0009406250402379435,0.001856451949540439,6.1012524054499545e-06,2.220698158440408e-05,0.2423698902130127,0.04728505494220248,0.026839708676697795,0.06549493538442672,True,True,0.508888888888889,0.22888888888888892,0.7355555555555555,True
M3_S10_R1_sma0.03_rho0.5_beta0.05,16,3,10,1,0.03,0.5,0.05,4.021533715897591e-27,0.05803165701912054,True,0.1377735137939453,1.8451231025177695e-06,0.04970925231335792,0.010421910581227592,True,True,0.000829570462574585,0.0005269612219661145,7.996728398719505e-05,9.056748142169395e-06,0.3796858787536621,0.049709252313357544,0.028515232940479012,0.0695287118236378,True,True,0.6577777777777778,0.45327777777777783,0.8400000000000001,True
M3_S10_R1_sma0.03_rho0.5_beta0.05,17,3,10,1,0.03,0.5,0.05,3.4927335063603585e-44,0.07934411122180715,True,0.1660141944885254,1.4727420164890033e-07,0.08299432744576665,0.01579059205300353,True,True,0.0008933079043938352,0.0007506005689020944,0.00028468340563718333,3.346367348313624e-11,0.1986846923828125,0.08299432744576676,0.05457062349321567,0.11096800421232572,True,False,0.8644444444444443,0.7266666666666666,0.96,True
M3_S10_R1_sma0.03_rho0.5_beta0.05,18,3,10,1,0.03,0.5,0.05,1.5792337409074399e-18,0.04818407637522341,True,0.14612936973571777,8.870426635111712e-05,0.05410846907314104,0.01380466811137497,False,True,0.0008874010608728955,0.000990227733542148,0.0001971131864105295,1.321484857802676e-05,0.3649787902832031,0.054108469073141055,0.03293452141920309,0.07757278559312876,True,True,0.5844444444444445,0.35111111111111115,0.7977777777777777,True
M3_S10_R1_sma0.03_rho0.5_beta0.05,19,3,10,1,0.03,0.5,0.05,3.560153200395016e-41,0.0781092103984895,True,0.27315473556518555,0.0019414324596224906,0.08202059106052986,0.0264663787816351,False,True,0.0008643389758644273,0.0018334291320687688,0.0009642699111330849,8.314286331849922e-06,0.342257022857666,0.08202059106052846,0.05087740158814159,0.11005576571798545,True,False,0.5977777777777777,0.3597777777777778,0.8089444444444445,True
M3_S10_R1_sma0.03_rho0.5_beta0.05,20,3,10,1,0.03,0.5,0.05,3.4964932162962316e-26,0.06008459429868376,True,0.1619861125946045,0.0004597670335525639,0.059357210676778745,0.016943887845186353,True,True,0.0008384939120511041,0.0011248174688400126,0.00034679361176026855,7.89865494287229e-06,0.20870709419250488,0.05935721067677761,0.03213820173593368,0.08695454878287716,True,True,0.6422222222222222,0.4310555555555555,0.8266666666666667,True
M3_S10_R1_sma0.03_rho0.5_beta0.05,21,3,10,1,0.03,0.5,0.05,5.537229518322248e-20,0.05042082572613435,True,0.29379749298095703,0.002223698069381583,0.05544222700440788,0.018126635817188923,False,True,0.0008786460913821134,0.00063116766552882,0.00040499777993526485,5.187620060505651e-06,0.3901522159576416,0.05544222700440568,0.019280505939323365,0.0913099927536036,True,True,0.7155555555555555,0.5133333333333334,0.8911111111111112,True
M3_S10_R1_sma0.03_rho0.5_beta0.05,22,3,10,1,0.03,0.5,0.05,6.045997872140651e-14,0.04639268651022502,True,0.22481942176818848,0.02775137330508456,0.05568220600158516,0.025301086098032676,True,True,0.0008459755109418306,0.0006985877298959049,0.000875619885515942,7.176186928233362e-06,0.16873788833618164,0.05568220600158815,0.021764816810210516,0.0879467808799257,True,True,0.6533333333333333,0.4443333333333333,0.8356111111111111,True
M3_S10_R1_sma0.03_rho0.5_beta0.05,23,3,10,1,0.03,0.5,0.05,5.6168326815938206e-15,0.04787118857869963,True,0.3615856170654297,0.056660693096473584,0.04357293338163634,0.022861899916107015,True,True,0.0009102337110880009,0.0007331863727557665,0.0006929763305522913,5.85554576068395e-07,0.40333056449890137,0.04357293338163473,-0.012266174988168335,0.0852685547348291,False,True,0.5133333333333334,0.2466111111111111,0.7689444444444444,True
M3_S10_R1_sma0.03_rho0.5_beta0.05,24,3,10,1,0.03,0.5,0.05,6.296981508343136e-30,0.06925950947108298,True,0.19785833358764648,0.0018771968636424757,0.07288196233609642,0.023442228164924667,True,True,0.0008644667379666356,0.0006362384856757481,0.0007378604182079115,4.42377537576142e-06,0.18889880180358887,0.07288196233609871,0.0395713057174767,0.1065604125361912,True,True,0.8022222222222222,0.6155555555555556,0.9444999999999999,True
M3_S10_R1_sma0.03_rho0.5_beta0.05,25,3,10,1,0.03,0.5,0.05,3.16164364779409e-08,0.03249869967386783,True,0.13980650901794434,0.016637798653654935,0.04032378536733249,0.016839356458306507,True,True,0.0008526022588051322,1.748761952008556e-11,0.0003400856630143171,3.687694075433844e-05,0.16852521896362305,0.0403237853673289,0.0016073892409889916,0.07907692773123882,True,True,0.56,0.31538888888888894,0.7777777777777777,True
M3_S10_R1_sma0.03_rho0.5_beta0.05,26,3,10,1,0.03,0.5,0.05,3.007262259913293e-15,0.04562224195851011,True,0.186920166015625,0.036432280456181694,0.03975318023849332,0.019001843049663774,True,True,0.0009453240300025699,0.0019831389119250357,0.0004470726559258222,1.1233429568512879e-05,0.34456872940063477,0.03975318023849316,0.02197258209510854,0.05697801544891238,True,True,0.33111111111111113,0.039944444444444484,0.5867222222222221,True
M3_S10_R1_sma0.03_rho0.5_beta0.05,27,3,10,1,0.03,0.5,0.05,2.129894200913364e-11,0.04033607053572963,True,0.30423521995544434,0.0065250965642102325,0.04263216765496756,0.01567268752621577,True,True,0.0009842044587652563,0.00022802670818067894,0.0002700292555650769,4.035398388488527e-08,0.23570585250854492,0.04263216765496885,0.008849630027661204,0.07847110744492794,True,True,0.5422222222222222,0.30216666666666664,0.7622222222222221,True
M3_S10_R1_sma0.03_rho0.5_beta0.05,28,3,10,1,0.03,0.5,0.05,2.0947585425127164e-15,0.04457954696151007,True,0.16611790657043457,1.7583272748702097e-08,0.05007334410220167,0.008887330027059513,True,True,0.000923040610890672,0.0014700257954175146,2.6172891425743662e-05,1.581110196667839e-05,0.17412304878234863,0.050073344102201454,0.02908914363276827,0.0666165167195915,True,True,0.5733333333333333,0.3176111111111111,0.7845,True
M3_S10_R1_sma0.03_rho0.5_beta0.05,29,3,10,1,0.03,0.5,0.05,3.476154796144434e-56,0.08005771988059679,True,0.1911482810974121,9.285225662499751e-06,0.069202951798321,0.015610219898309435,False,True,0.0007440996978260169,0.000597019650466254,0.000291108478127765,5.33182019897542e-06,0.3966953754425049,0.06920295179832214,0.04711771809655868,0.08887912083253714,True,True,0.8533333333333333,0.7065555555555557,0.9644444444444444,True
M3_S10_R1_sma0.03_rho0.5_beta0.05,30,3,10,1,0.03,0.5,0.05,7.696445139827462e-21,0.0634382153778673,True,0.3791959285736084,0.10240709074061027,0.05196633297016063,0.031816880334336585,True,True,0.0008628926150686569,0.009625540090264971,0.0014321815498073535,9.890606538905449e-06,0.18714356422424316,0.05196633297015492,0.006079654927554221,0.1028281297259055,True,True,0.2711111111111111,-0.03350000000000004,0.5489444444444445,False
M3_S10_R1_sma0.03_rho0.5_beta0.05,31,3,10,1,0.03,0.5,0.05,9.5686674921422e-05,0.02245868383366138,True,0.3354759216308594,0.36466004012828657,0.013329412105690252,0.014703916310458233,True,True,0.0008609913962245355,0.00043835388511343843,0.0002382085926749913,1.2984906505420781e-06,0.22052431106567383,0.013329412105690056,-0.032932640266891536,0.05382505643020659,False,True,0.21999999999999997,-0.08672222222222221,0.4977777777777778,False
M3_S10_R1_sma0.03_rho0.5_beta0.05,32,3,10,1,0.03,0.5,0.05,1.0955784756018927e-13,0.040516013711170244,True,0.2384786605834961,1.7378940658648348e-11,0.05143868200942367,0.0076471658729258644,False,True,0.0008699887512991567,0.00042102772078718854,7.198437021462006e-07,2.9980315664307767e-05,0.38957810401916504,0.051438682009423656,0.017682591632789305,0.07991425477870852,True,True,0.7133333333333334,0.5021111111111111,0.8956111111111111,True
M3_S10_R1_sma0.03_rho0.5_beta0.05,33,3,10,1,0.03,0.5,0.05,8.396251970371564e-07,0.03190898362174179,True,0.4012031555175781,0.4225358058714528,0.021985485213403776,0.027412309692773328,True,True,0.0009053065089824748,0.0010684303352547885,0.0010366214331404644,1.7643214577572127e-07,0.24010467529296875,0.021985485213396563,-0.022447077079456302,0.06490050299939361,False,True,0.26,-0.060055555555555605,0.5533888888888887,False
M3_S10_R1_sma0.03_rho0.5_beta0.05,34,3,10,1,0.03,0.5,0.05,0.33775772487396505,0.005059160853921706,True,0.1836535930633545,0.756641384123621,0.00428624482525461,0.013831314976722105,True,True,0.0007676444700695391,0.0008567868604992385,0.0002101934639709869,4.693894515314916e-05,0.390117883682251,0.004286244825254185,-0.0319210774345629,0.04164984362827294,False,False,0.06000000000000005,-0.24466666666666667,0.3356666666666666,False
M3_S10_R1_sma0.03_rho0.5_beta0.05,35,3,10,1,0.03,0.5,0.05,8.137610903266992e-13,0.03850298573731328,True,0.14176654815673828,1.973544239345965e-09,0.045731735579713134,0.007621994495996373,True,True,0.0008536090303152559,0.0005477308562684805,1.7812971139751325e-06,9.842449904099508e-06,0.2679429054260254,0.04573173557971382,0.027751587730862236,0.06478430236411947,True,True,0.5933333333333333,0.35777777777777775,0.8177777777777777,True
M3_S10_R1_sma0.03_rho0.5_beta0.05,36,3,10,1,0.03,0.5,0.05,1.6792284651101642e-15,0.0448108815922453,True,0.18872761726379395,0.008382490539882988,0.04668778381149247,0.017709840071385808,True,True,0.0008146817868577537,0.0005925025718536123,0.00038898947434533456,6.970651196009055e-08,0.25137996673583984,0.0466877838114942,0.009043885616126415,0.07460233619462929,True,True,0.6088888888888888,0.37755555555555553,0.8111111111111111,True
M3_S10_R1_sma0.03_rho0.5_beta0.05,37,3,10,1,0.03,0.5,0.05,2.69428009929451e-31,0.06440030733794555,True,0.3559138774871826,0.008592427056124213,0.06680434796219145,0.025421593329718484,True,True,0.0008092670598249116,0.001742375288986896,0.0008884594051499189,8.590204046816545e-06,0.33221864700317383,0.06680434796219381,0.03697403583234306,0.10578338494161796,True,True,0.5333333333333334,0.2888333333333334,0.7579444444444444,True
M3_S10_R1_sma0.03_rho0.5_beta0.05,38,3,10,1,0.03,0.5,0.05,1.5787277673339382e-15,0.044863892514316835,True,0.16437816619873047,0.05619224575330504,0.030253681462697034,0.015843425268509608,True,True,0.0008522190196349311,0.003666724957326281,0.0002912992843947835,1.0556917050264279e-05,0.18786001205444336,0.03025368146269884,-0.0002579093366979821,0.06170170230545846,False,True,0.24,-0.046666666666666634,0.49333333333333335,False
M3_S10_R1_sma0.03_rho0.5_beta0.05,39,3,10,1,0.03,0.5,0.05,1.572392329804307e-11,0.0522065143132761,True,0.3185305595397949,0.17505665325911446,0.054924432561494305,0.04050075243256596,True,True,0.00103450857228241,0.002666606137189306,0.0023570155641778764,3.88561026697288e-06,0.30739498138427734,0.05492443256150194,-0.007395462961345818,0.11814614583517573,False,True,0.3444444444444445,0.0443888888888889,0.6155555555555556,True
M3_S10_R1_sma0.03_rho0.5_beta0.05,40,3,10,1,0.03,0.5,0.05,1.3954767077273699e-28,0.05978230736018877,True,0.19736576080322266,2.9252382553008874e-05,0.0528207991724155,0.012638944346796565,True,True,0.0008294325510479436,0.0006887271605686753,0.00015667111619733264,3.564866246390915e-05,0.16911959648132324,0.05282079917241467,0.030123231555590955,0.078794130125543,True,True,0.6844444444444444,0.471,0.8555555555555556,True
M3_S10_R1_sma0.03_rho0.5_beta0.05,41,3,10,1,0.03,0.5,0.05,2.1133759353733718e-15,0.051188306333531976,True,0.22966384887695312,0.01467666592978301,0.05960235106273639,0.024424583395747868,True,True,0.0009812418166306,0.001106004538754663,0.0007967162294207159,7.089062622149236e-08,0.2482316493988037,0.05960235106274051,0.004188006155893322,0.1087184284572068,True,True,0.548888888888889,0.27555555555555555,0.7889999999999999,True
M3_S10_R1_sma0.03_rho0.5_beta0.05,42,3,10,1,0.03,0.5,0.05,8.754932010019166e-23,0.0566049011703796,True,0.2010817527770996,0.0056987657747998135,0.05171141722523533,0.01870465320953503,True,True,0.0008292366291923989,0.00224005434802426,0.0004418724146142193,2.4085886288112817e-05,0.1844162940979004,0.05171141722523699,0.014235396342512084,0.09935922901412973,True,True,0.5222222222222221,0.25322222222222224,0.7400555555555555,True
M3_S10_R1_sma0.03_rho0.5_beta0.05,43,3,10,1,0.03,0.5,0.05,8.000750267178675e-44,0.07420400872812061,True,0.31680941581726074,2.765129808122652e-13,0.07521848227520997,0.010296333139168895,False,True,0.0008284492197053858,0.00042267037592129094,7.617679219858174e-05,2.3000096121646316e-06,0.43521761894226074,0.07521848227520968,0.04724854792718928,0.10043288932522694,True,True,0.9022222222222223,0.7866666666666666,0.9844444444444445,True
M3_S10_R1_sma0.03_rho0.5_beta0.05,44,3,10,1,0.03,0.5,0.05,2.144202133634518e-14,0.04187971212673776,True,0.2539229393005371,0.05442000421671877,0.03989286131161131,0.02073995869477304,True,True,0.000845731414242317,1.2753003647509178e-05,0.0005606456885670629,3.8043215743230045e-05,0.26381397247314453,0.039892861311610996,0.0067768626516649996,0.07757809859892675,True,True,0.5555555555555556,0.3111111111111111,0.7844444444444445,True
M3_S10_R1_sma0.03_rho0.5_beta0.05,45,3,10,1,0.03,0.5,0.05,0.0007555846702022385,0.0170772839446921,True,0.4310176372528076,0.2624201177139073,0.011005399660582142,0.009820205461874745,True,True,0.000732829019120382,0.001789813395168503,7.137175105811332e-05,1.2282054985764626e-05,0.18953895568847656,0.011005399660582242,-0.0045036020829290835,0.02760732377608689,False,False,0.16222222222222227,-0.1445,0.4311666666666666,False
M3_S10_R1_sma0.03_rho0.5_beta0.05,46,3,10,1,0.03,0.5,0.05,2.2102815364002072e-11,0.051266795162173265,True,0.3045384883880615,0.0827652483310059,0.06445732118896659,0.03715414861242751,True,True,0.0008690087879062525,0.0016585512360759484,0.001983745259880867,2.6789480251610645e-06,0.4629545211791992,0.06445732118897597,0.010115246567549885,0.11080603198729061,True,True,0.5,0.20222222222222225,0.7511111111111111,True
M3_S10_R1_sma0.03_rho0.5_beta0.05,47,3,10,1,0.03,0.5,0.05,4.532416495252686e-17,0.047604211761161745,True,0.14105725288391113,0.009714936221368138,0.04794857564852725,0.01854293353039808,True,True,0.0008242903860853012,0.004157431763037002,0.00043333153726061064,1.323517444926495e-06,0.18880701065063477,0.04794857564852829,0.025851828201641103,0.07205125602189617,True,True,0.43555555555555553,0.1753333333333333,0.6844999999999999,True
M3_S10_R1_sma0.03_rho0.5_beta0.05,48,3,10,1,0.03,0.5,0.05,0.0005714167860265664,0.01998560443718719,True,0.39829015731811523,0.38510813641338104,0.016399643411976052,0.01888222318186392,False,True,0.0009896249986969636,0.0006784929483036222,0.0004358450285648983,9.961828909545512e-06,0.45250391960144043,0.016399643411976847,0.0009224272282174219,0.03333449265550502,True,False,0.24666666666666665,-0.031166666666666645,0.5089444444444444,False
M3_S10_R1_sma0.03_rho0.5_beta0.05,49,3,10,1,0.03,0.5,0.05,6.4600454970729e-21,0.06022149330431764,True,0.38088035583496094,0.04911559055705131,0.0513496684190564,0.02609778960473013,True,True,0.0008881323901138353,0.002748071757362849,0.0009328286943678082,4.2484282996724265e-06,0.22053217887878418,0.05134966841905856,0.007263511666084383,0.08658650366828696,True,True,0.48444444444444446,0.21772222222222223,0.7133333333333334,True
M3_S10_R1_sma0.03_rho0.5_beta0.05,50,3,10,1,0.03,0.5,0.05,5.96384828348031e-29,0.06008182466163432,True,0.2377922534942627,1.3213254064700607e-05,0.0689612848065738,0.015829358151759766,True,True,0.0008563222216289565,0.000563298886580071,0.0002902206470821231,1.0636247651749811e-05,0.39615583419799805,0.06896128480657225,0.049872571967760536,0.08781449879722437,True,True,0.9066666666666667,0.786611111111111,0.98,True
M3_S10_R1_sma0.03_rho0.5_beta0.05,51,3,10,1,0.03,0.5,0.05,3.291971237133165e-15,0.04449140771324277,True,0.13973307609558105,0.03819755726012249,0.045816982526043534,0.0221046718535849,True,True,0.0009402971447684292,0.0024165372295352257,0.0006388950621551696,4.890849040321371e-06,0.37656068801879883,0.045816982526044416,0.017795237718240237,0.0730886741459476,True,True,0.3155555555555556,0.03766666666666664,0.569,True
M3_S10_R1_sma0.03_rho0.5_beta0.05,52,3,10,1,0.03,0.5,0.05,1.8520982398506608e-10,0.03695794865911303,True,0.26988935470581055,0.053118722148933095,0.03864295318069527,0.019981314527072837,True,True,0.0008002635713116287,0.004264475935801565,0.0005188530382135673,1.4466605219614406e-05,0.2255692481994629,0.038642953180694654,-0.006668562431378606,0.0837785639729041,False,True,0.36000000000000004,0.05772222222222221,0.6355555555555557,True
M3_S10_R1_sma0.03_rho0.5_beta0.05,53,3,10,1,0.03,0.5,0.05,7.786089663114445e-14,0.04120683695963709,True,0.38594627380371094,6.829444755280777e-06,0.03871042999297094,0.00860435243904873,True,True,0.0009307689441320221,0.00017372585753012138,1.79754269298443e-05,2.2844646403393363e-05,0.22967147827148438,0.03871042999297089,0.020569153851910223,0.053445470075175215,True,True,0.6377777777777778,0.39772222222222225,0.8356666666666667,True
M3_S10_R1_sma0.03_rho0.5_beta0.05,54,3,10,1,0.03,0.5,0.05,1.173227021267027e-17,0.05826128397541585,True,0.34305667877197266,0.036778855130805074,0.05315437468609619,0.025454510440305157,True,True,0.0010816662615341535,0.006343881421510699,0.0008637315264800382,1.0795062623201085e-05,0.17108464241027832,0.053154374686096496,0.014276068510689046,0.09150141427764823,True,True,0.4244444444444444,0.14438888888888887,0.7023333333333334,True
M3_S10_R1_sma0.03_rho0.5_beta0.05,55,3,10,1,0.03,0.5,0.05,2.0864685493412093e-15,0.04542629943067545,True,0.3658578395843506,0.018732420398664608,0.04484660324310133,0.019077057073691946,False,True,0.0009041187916436734,0.0026652999409467384,0.0004554892807249756,4.7642370832594945e-06,0.3493964672088623,0.044846603243101656,0.02186983121992437,0.06715044477823387,True,True,0.39999999999999997,0.10883333333333332,0.6511666666666667,True
M3_S10_R1_sma0.03_rho0.5_beta0.05,56,3,10,1,0.03,0.5,0.05,5.8519691524018154e-21,0.05848467529103801,True,0.2343730926513672,0.012166072137716293,0.07015874978787623,0.027981900512838956,False,True,0.0009693422373340038,0.0018717784107510878,0.00107754591073223,3.2880099525984718e-06,0.34029579162597656,0.07015874978787294,0.029584554655006694,0.10660558969979689,True,True,0.5,0.23105555555555554,0.7288888888888889,True
M3_S10_R1_sma0.03_rho0.5_beta0.05,57,3,10,1,0.03,0.5,0.05,3.4569800630663216e-12,0.04025116596566457,True,0.22186899185180664,0.0212731907111221,0.04029251536579957,0.017494901259713296,True,True,0.0008689474149535884,0.001580221941748899,0.0003722126136353246,1.5631847573331293e-05,0.20356416702270508,0.040292515365799454,0.004708939090829676,0.07407061702911028,True,True,0.3666666666666667,0.07105555555555558,0.6333333333333333,True
M3_S10_R1_sma0.03_rho0.5_beta0.05,58,3,10,1,0.03,0.5,0.05,6.249025637585923e-12,0.03816685846549973,True,0.1397709846496582,0.04756134053239373,0.04376747220437969,0.02209064830395785,True,True,0.0008801489151818548,0.0009917709443051398,0.0006439802222155403,8.377127960082523e-07,0.32120728492736816,0.043767472204377676,0.015782667448926008,0.06552410017061772,True,True,0.46444444444444444,0.1998333333333333,0.6889444444444444,True
M3_S10_R1_sma0.03_rho0.5_beta0.05,59,3,10,1,0.03,0.5,0.05,7.74160958680871e-36,0.0696700308832914,True,0.2573850154876709,3.117141891624943e-17,0.0672311643385654,0.00796380603713507,True,True,0.0009267286861875272,0.0009171923589912628,2.460441276912588e-06,1.8961938564251546e-05,0.20459198951721191,0.06723116433856659,0.04805554007621902,0.08769455862976956,True,True,0.8133333333333332,0.6444444444444444,0.9533888888888888,True
M3_S10_R1_sma0.03_rho0.5_beta0.05,60,3,10,1,0.03,0.5,0.05,3.0190990207012427e-12,0.04847149218990191,True,0.3477792739868164,0.159379775310603,0.05545697125921672,0.03941054895746637,False,True,0.0008816891526609262,0.003425618792858563,0.0022416181384266975,7.335169558348488e-05,0.3362910747528076,0.05545697125920609,-0.0020949375964278653,0.11081405860751453,False,True,0.4177777777777778,0.131,0.7044999999999999,True
M3_S10_R1_sma0.03_rho0.5_beta0.05,61,3,10,1,0.03,0.5,0.05,9.298258162801351e-24,0.0667833950616851,True,0.21952056884765625,0.023157853789399822,0.0682125993539328,0.03003874722963828,True,True,0.0009077735298477546,0.0013582964678780741,0.001262712149704433,2.924732136209707e-07,0.283505916595459,0.06821259935393861,0.026432643996579533,0.11358210280100277,True,True,0.5977777777777777,0.34427777777777785,0.7977777777777777,True
M3_S10_R1_sma0.03_rho0.5_beta0.05,62,3,10,1,0.03,0.5,0.05,3.7752735254334e-17,0.05126581819865644,True,0.2898693084716797,0.12143658690411001,0.05023136088476053,0.03243302912463071,True,True,0.0008029636991512408,0.0034813166919873705,0.0014975556973836526,8.866182957101051e-06,0.26079249382019043,0.050231360884761385,0.0016065372418489713,0.10171455822882994,True,True,0.21111111111111108,-0.08005555555555556,0.4800555555555555,False
M3_S10_R1_sma0.03_rho0.5_beta0.05,63,3,10,1,0.03,0.5,0.05,0.0006886250488897905,0.02044111718597305,True,0.2532932758331299,0.6954721242492625,0.01272399304722878,0.03250561304471094,False,True,0.0009261071381499445,0.00491938701348917,0.001492311605303843,8.529079353751346e-06,0.40444111824035645,0.012723993047237188,-0.013200638182098254,0.03672470417759313,False,False,0.10666666666666669,-0.20444444444444443,0.39999999999999997,False
M3_S10_R1_sma0.03_rho0.5_beta0.05,64,3,10,1,0.03,0.5,0.05,9.424171620351198e-07,0.03041934003417893,True,0.15838956832885742,0.15008318191811926,0.030846588779196275,0.021432587799770978,True,True,0.0009543666708933492,0.01338698890714548,0.0005935970626030085,3.917563200130142e-05,0.17827677726745605,0.030846588779195317,-0.014655859283047747,0.08757653107030336,False,True,0.12444444444444441,-0.1555555555555555,0.39111111111111113,False
M3_S10_R1_sma0.03_rho0.5_beta0.05,65,3,10,1,0.03,0.5,0.05,4.229769116678192e-16,0.05325225491634491,True,0.12275457382202148,0.015928089398069688,0.06434041816445438,0.02669107656350218,True,True,0.0010219740224364973,0.002537308684294075,0.0009664229499344043,2.4682084713166445e-06,0.31691837310791016,0.06434041816445138,0.013078842366879383,0.11549095502435346,True,True,0.5044444444444445,0.2287777777777778,0.7644444444444445,True
M3_S10_R1_sma0.03_rho0.5_beta0.05,66,3,10,1,0.03,0.5,0.05,1.6042687638179343e-14,0.04438506564042145,True,0.2422349452972412,0.0280421282557003,0.03507121738297608,0.01596543592422102,True,True,0.0008774821357403009,0.0011223572126625241,0.0002945945028015951,1.3059475443556188e-05,0.19640374183654785,0.035071217382975556,0.009258849271091813,0.0625185752423083,True,True,0.5,0.23105555555555554,0.735722222222222,True
M3_S10_R1_sma0.03_rho0.5_beta0.05,67,3,10,1,0.03,0.5,0.05,1.368653132943907e-22,0.054291551634672836,True,0.122039794921875,2.4585792670104816e-05,0.05808104253324526,0.013767949501109662,True,True,0.0008863260184323972,0.0031346484996984747,0.00019570204835442142,9.469799224416025e-06,0.27801012992858887,0.05808104253324551,0.036051790789357635,0.08117949682794898,True,True,0.5511111111111111,0.2866666666666666,0.7778333333333332,True
M3_S10_R1_sma0.03_rho0.5_beta0.05,68,3,10,1,0.03,0.5,0.05,6.704481992447838e-08,0.03176730880899762,True,0.40305328369140625,0.2921136061153523,0.02286305917240768,0.0217020790443179,True,True,0.0009185804792211514,0.001844839891184892,0.0006146123043466272,5.919808604661817e-06,0.45041894912719727,0.02286305917240734,-0.0029134700388378783,0.05323740930478392,False,True,0.20444444444444443,-0.06888888888888894,0.48888888888888893,False
M3_S10_R1_sma0.03_rho0.5_beta0.05,69,3,10,1,0.03,0.5,0.05,3.2135629872750203e-20,0.0679708397849039,True,0.3760964870452881,0.05477595784924969,0.06563758903066993,0.03417469035652373,True,True,0.0010536384800903975,0.0019394228337297947,0.001646500343437226,1.5043829106643049e-06,0.30713653564453125,0.06563758903066039,0.0021877670959688624,0.1308751668878109,True,True,0.35555555555555557,0.03555555555555556,0.6311111111111112,True
M3_S10_R1_sma0.03_rho0.5_beta0.05,70,3,10,1,0.03,0.5,0.05,3.1860448208786824e-12,0.039898327020510015,True,0.2005453109741211,0.1462391224307919,0.03449531909293187,0.023741660830104018,True,True,0.0008855646837541213,0.0016129958217196755,0.0007569432200821366,3.6468350619986844e-06,0.26783299446105957,0.03449531909293376,0.011295627513896202,0.05988538629899172,True,True,0.3244444444444445,0.020000000000000018,0.5867222222222221,True
M3_S10_R1_sma0.03_rho0.5_beta0.05,71,3,10,1,0.03,0.5,0.05,2.4527193125423527e-09,0.033137708358292196,True,0.1728372573852539,0.18989611726481204,0.025707358336308724,0.019610666990055814,True,True,0.0008902764631386776,0.0009220287415268807,0.0004878397433784558,2.5167024536590466e-06,0.36624956130981445,0.02570735833631134,0.0022837604480453115,0.04761952166154775,True,False,0.3733333333333333,0.0755555555555556,0.6356666666666666,True
M3_S10_R1_sma0.03_rho0.5_beta0.05,72,3,10,1,0.03,0.5,0.05,4.5118884759044373e-32,0.067223008623603,True,0.25318145751953125,0.0010495407630849948,0.062170691970865805,0.01897241895279838,True,True,0.0008997191523208715,0.0016892544022884472,0.0004499571061486699,8.431247080878946e-06,0.33133864402770996,0.062170691970865374,0.034289908437156985,0.08651925013406518,True,True,0.5955555555555556,0.3666666666666667,0.7956666666666666,True
M3_S10_R1_sma0.03_rho0.5_beta0.05,73,3,10,1,0.03,0.5,0.05,2.2822836775979006e-19,0.056903067943342094,True,0.38454747200012207,0.006488946591034073,0.06201170527727483,0.02278172624130269,False,True,0.0009022054724871064,0.0004726307240555058,0.0006882900285517389,2.929400678422264e-06,0.4074387550354004,0.062011705277273704,0.029627884721859735,0.10496878145918057,True,True,0.8600000000000001,0.7021666666666667,0.9733333333333334,True
M3_S10_R1_sma0.03_rho0.5_beta0.05,74,3,10,1,0.03,0.5,0.05,9.75489130990842e-17,0.05245425320883962,True,0.16815853118896484,0.05944911597261833,0.04485949083897253,0.023799940997504723,True,True,0.0009144373769126342,0.0005247224937318745,0.0007582120495357422,1.9048149730204717e-05,0.18378353118896484,0.04485949083896972,0.00025330521567454913,0.09292791963201977,True,True,0.48888888888888893,0.2377777777777778,0.7200555555555554,True
M3_S10_R1_sma0.03_rho0.5_beta0.05,75,3,10,1,0.03,0.5,0.05,9.189231935766092e-36,0.07153500404758133,True,0.19991374015808105,7.623818004935895e-05,0.0672774096448269,0.017006733376692156,True,True,0.0008796148960289866,0.00080615975383549,0.00034588198061593544,1.3952006112553006e-05,0.17365455627441406,0.06727740964482756,0.04229075415367577,0.08951673827040596,True,True,0.8044444444444445,0.6465000000000001,0.9244444444444444,True
M3_S10_R1_sma0.03_rho0.5_beta0.05,76,3,10,1,0.03,0.5,0.05,0.03226806016481576,0.012231627645863852,True,0.10645461082458496,0.710335807087392,0.008881391232139983,0.02391294727771992,False,True,0.0008614095664043011,0.0020835172727200054,0.0007716026146200853,3.2627821199978687e-06,0.4187021255493164,0.008881391232141813,-0.02912289553625057,0.05278747195829389,False,True,-0.07111111111111112,-0.3956666666666667,0.2622777777777777,False
M3_S10_R1_sma0.03_rho0.5_beta0.05,77,3,10,1,0.03,0.5,0.05,2.0787264619588945e-08,0.03267055217939924,True,0.3190326690673828,0.14159047871960062,0.028845286952096077,0.019624059936943227,True,True,0.0007886742809402724,0.0027204027098061035,0.0004987881645190683,3.6302494167769956e-05,0.20125508308410645,0.028845286952095525,0.002208160273342081,0.05382851861657225,True,True,0.30000000000000004,-0.011111111111111072,0.568888888888889,False
M3_S10_R1_sma0.03_rho0.5_beta0.05,78,3,10,1,0.03,0.5,0.05,1.0666133496407177e-41,0.0783606269504581,True,0.37697839736938477,0.000746887087144148,0.07913812340668641,0.023470844496312232,False,True,0.0008836989731739298,0.0012660719835551918,0.000737950914737724,1.278702042750516e-06,0.406386137008667,0.07913812340669141,0.051515202218785514,0.10434480981030625,True,False,0.691111111111111,0.45333333333333337,0.8623333333333333,True
M3_S10_R1_sma0.03_rho0.5_beta0.05,79,3,10,1,0.03,0.5,0.05,5.950358716816314e-11,0.037236045681229436,True,0.3512716293334961,0.01848123037649916,0.029816561999610348,0.01265648438871285,True,True,0.0008973926653764064,0.0004394752514627341,0.00015054062908495907,2.18626076954666e-05,0.20164966583251953,0.02981656199961092,0.007764790864251249,0.046443756298147586,True,False,0.41111111111111115,0.11555555555555558,0.6600555555555554,True
M3_S10_R1_sma0.03_rho0.5_beta0.05,80,3,10,1,0.03,0.5,0.05,1.2923728012795403e-27,0.06657946998713783,True,0.2604372501373291,0.043954335958689146,0.07107645712045754,0.03528197523940403,True,True,0.0009208130265255819,0.003342567127200141,0.0017751453625384456,2.604113895384284e-06,0.4814784526824951,0.07107645712046638,0.03491345439152117,0.10635896738494048,True,True,0.37777777777777777,0.10222222222222221,0.6378888888888888,True
M3_S10_R1_sma0.03_rho0.5_beta0.05,81,3,10,1,0.03,0.5,0.05,5.979788274786839e-33,0.06568465268350278,True,0.13086295127868652,5.945561983853106e-08,0.06615177151294929,0.012204154109850533,False,True,0.0008476227534814437,0.004212455994862699,0.0001386497909573284,2.1819283365195135e-05,0.43744659423828125,0.06615177151294933,0.04750855192304829,0.08607872018566826,True,True,0.508888888888889,0.24655555555555553,0.7177777777777778,True
M3_S10_R1_sma0.03_rho0.5_beta0.05,82,3,10,1,0.03,0.5,0.05,8.43065047219767e-14,0.044139133186238584,True,0.18479132652282715,0.06430118753475736,0.0432810672532321,0.02339408679752261,True,True,0.0008172803041671398,0.0010435655742573407,0.000739196915218206,9.868419772110067e-08,0.4052011966705322,0.0432810672532299,0.024998080825920914,0.06252793751519477,True,True,0.5800000000000001,0.35544444444444445,0.795611111111111,True
M3_S10_R1_sma0.03_rho0.5_beta0.05,83,3,10,1,0.03,0.5,0.05,5.633148986916571e-22,0.052865890558664815,True,0.12303471565246582,0.0003262748352894472,0.04793757052566983,0.013340105286474144,True,True,0.0008339746777824929,0.0026018611847606187,0.00018354014580307642,2.1115748950991794e-05,0.21406197547912598,0.04793757052566996,0.019623239385161792,0.08148190793761034,True,True,0.5377777777777777,0.29327777777777775,0.7778888888888887,True
M3_S10_R1_sma0.03_rho0.5_beta0.05,84,3,10,1,0.03,0.5,0.05,3.786339852812238e-20,0.05737309301567707,True,0.15539813041687012,0.00897495020808853,0.058253041746737955,0.022293489830120788,True,True,0.000964225024042456,0.009555094368457298,0.0006490770308043247,1.873331420139235e-05,0.19846034049987793,0.05825304174673917,0.02870881998412639,0.08937221973963624,True,True,0.4155555555555555,0.15100000000000002,0.6444999999999999,True
M3_S10_R1_sma0.03_rho0.5_beta0.05,85,3,10,1,0.03,0.5,0.05,1.5345320266355633e-16,0.04991035181829657,True,0.16293573379516602,0.002319160524762116,0.05082063376396067,0.016684442388362385,True,True,0.0009748799519801274,0.006249985803003537,0.0003200679315178654,2.574392832090405e-05,0.19119501113891602,0.05082063376396057,-0.0016222426842465202,0.09493013784240964,False,True,0.3155555555555556,0.017722222222222174,0.5800000000000001,True
M3_S10_R1_sma0.03_rho0.5_beta0.05,86,3,10,1,0.03,0.5,0.05,5.651344718673677e-21,0.06303713449663173,True,0.3307662010192871,0.014592066621215295,0.06670141541478465,0.027310363274414523,True,True,0.0009946592772781722,0.005195844916664414,0.001019317985543009,1.1372997408845364e-05,0.18727779388427734,0.0667014154147884,0.023661959032585687,0.12522410838363301,True,True,0.48666666666666664,0.20877777777777778,0.7112222222222221,True
M3_S10_R1_sma0.03_rho0.5_beta0.05,87,3,10,1,0.03,0.5,0.05,1.9368311712451286e-05,0.023492686078972275,True,0.37023210525512695,0.31935742353123964,0.0183012759986906,0.018378848871735947,True,True,0.0008584663367915464,0.0017415683443439119,0.00042082649509601167,1.0151535765885726e-05,0.3476746082305908,0.01830127599869202,-0.0035810321055675933,0.04046851722268554,False,False,0.2688888888888889,-0.037833333333333295,0.5467222222222221,False
M3_S10_R1_sma0.03_rho0.5_beta0.05,88,3,10,1,0.03,0.5,0.05,6.968487048509248e-14,0.04338994036076156,True,0.22377967834472656,0.06187498560725916,0.038618410713108474,0.020682629915943582,True,True,0.0008291856199285478,0.000984900872701101,0.0005587382083669961,2.126638088757704e-07,0.348921537399292,0.03861841071310972,0.0050850381359010275,0.07458557047853874,True,True,0.4666666666666666,0.18427777777777776,0.7044444444444444,True
M3_S10_R1_sma0.03_rho0.5_beta0.05,89,3,10,1,0.03,0.5,0.05,1.7876115842496128e-13,0.04414786389421715,True,0.19950246810913086,0.3054927971403397,0.039571683573299765,0.038616867907481214,False,True,0.0008553438230162449,0.004555909884325451,0.0021513593481740983,0.00011494826077889453,0.4045555591583252,0.039571683573300306,0.004684809733342545,0.07552704726500409,True,True,0.2933333333333333,-0.011222222222222177,0.5800000000000001,False
M3_S10_R1_sma0.03_rho0.5_beta0.05,90,3,10,1,0.03,0.5,0.05,0.0016703215713127063,0.018423368721392414,True,0.2846827507019043,0.23889133250976846,0.024250001904079988,0.02058989266158393,True,True,0.0008460152519514821,0.0011923801565167714,0.0005513139945281751,5.112355177759083e-06,0.21221709251403809,0.024250001904079187,-0.026342377581109567,0.06383095797377805,False,True,0.34888888888888886,0.05777777777777776,0.6355555555555557,True
M3_S10_R1_sma0.03_rho0.5_beta0.05,91,3,10,1,0.03,0.5,0.05,2.4715983473243913e-24,0.05326492331028093,True,0.2489001750946045,1.6598922900030512e-06,0.04816876130586659,0.010054103989322598,True,True,0.0007791555313583685,0.0002979444993332233,7.371195740633204e-05,9.834169688779403e-06,0.17106103897094727,0.048168761305866656,0.02313192310885866,0.07269058483021897,True,True,0.6577777777777778,0.41988888888888887,0.8400000000000001,True
M3_S10_R1_sma0.03_rho0.5_beta0.05,92,3,10,1,0.03,0.5,0.05,5.000303597459171e-13,0.04350408133016928,True,0.3207557201385498,0.2279649810600074,0.04132506026457008,0.03427708857583578,True,True,0.0008572343433802034,0.0031772489741956375,0.0016766547675154567,2.7444060325063747e-06,0.2513594627380371,0.04132506026456783,0.009697043942661685,0.07269281941814545,True,True,0.30666666666666664,0.010999999999999968,0.5423333333333332,True
M3_S10_R1_sma0.03_rho0.5_beta0.05,93,3,10,1,0.03,0.5,0.05,3.1857764269445447e-28,0.07273532080272058,True,0.37051868438720703,0.009840416609374014,0.07509888469924356,0.029092453462215513,True,True,0.0008906566216208238,0.0004880211003310462,0.0011804906105146846,9.281269511066653e-06,0.24065804481506348,0.07509888469924081,0.020898404128345628,0.13405456007484856,True,True,0.74,0.5354444444444445,0.8844999999999998,True
M3_S10_R1_sma0.03_rho0.5_beta0.05,94,3,10,1,0.03,0.5,0.05,1.4001513012373584e-09,0.03255244602326401,True,0.09427666664123535,0.010076320669869174,0.038509489112886784,0.014965607705015,True,True,0.000794033417654698,0.0006230370383808079,0.00025655077920513583,1.9831907068755037e-06,0.2827939987182617,0.038509489112886604,0.004462805034100749,0.06985044261965724,True,True,0.4688888888888889,0.21544444444444438,0.726722222222222,True
M3_S10_R1_sma0.03_rho0.5_beta0.05,95,3,10,1,0.03,0.5,0.05,1.5934266174533063e-27,0.06819555362029493,True,0.3078303337097168,0.005156321994501569,0.06689168417032618,0.02391463714082486,True,True,0.0009224991409184811,0.002470258482590418,0.0007656148902741919,7.206269670876868e-06,0.23221158981323242,0.0668916841703291,0.02858489714769749,0.11183631773502792,True,True,0.548888888888889,0.30222222222222217,0.7555555555555555,True
M3_S10_R1_sma0.03_rho0.5_beta0.05,96,3,10,1,0.03,0.5,0.05,3.9785750277680915e-14,0.04537630702197023,True,0.3540194034576416,0.04980013217872882,0.0475721401073995,0.024250754098074503,True,True,0.0009388178639911676,0.0012964568927001196,0.0007882668250888501,1.037954711863307e-06,0.4158644676208496,0.04757214010739985,0.015461922101031958,0.08012796841984011,True,True,0.48888888888888893,0.2021666666666667,0.7044444444444444,True
M3_S10_R1_sma0.03_rho0.5_beta0.05,97,3,10,1,0.03,0.5,0.05,9.341278013639951e-29,0.06029497756124364,True,0.19420528411865234,0.001715383509137406,0.06071567330929322,0.019363708904296173,True,True,0.0008634621565521194,0.0008360782915546155,0.0004760836181402559,2.851322258677797e-06,0.33756470680236816,0.06071567330929205,0.0387763894852406,0.07984188869262603,True,True,0.7644444444444445,0.5821666666666666,0.9200555555555554,True
M3_S10_R1_sma0.03_rho0.5_beta0.05,98,3,10,1,0.03,0.5,0.05,7.111506832217673e-15,0.05255008104658927,True,0.1558077335357666,0.06852185105078085,0.054161345040634495,0.029733503123762904,True,True,0.0008115549633685546,0.0006539716403913163,0.0012449663156792546,2.633799522858131e-07,0.38208985328674316,0.05416134504062931,0.003207004479625877,0.12854652377806466,True,True,0.5866666666666667,0.3643888888888889,0.8067222222222221,True
M3_S10_R1_sma0.03_rho0.5_beta0.05,99,3,10,1,0.03,0.5,0.05,2.1197201214713953e-06,0.025082551991359198,True,0.1273210048675537,0.001909230976611689,0.02857815020964227,0.00920687721684263,True,True,0.0008178481022377004,0.00047301157259199575,4.536507190525392e-05,2.6830463427445638e-05,0.28909969329833984,0.02857815020964225,0.0022328753265579877,0.050692373012763775,True,True,0.40444444444444444,0.1332222222222222,0.6866666666666668,True
M3_S10_R1_sma0.03_rho0.5_beta0.05,100,3,10,1,0.03,0.5,0.05,3.0947352576139868e-21,0.05159051561819179,True,0.17299723625183105,0.014058134293335958,0.04028807221711999,0.016405444510537905,True,True,0.0008446798373216681,0.0007801704963913109,0.000319239930650342,5.455350486787614e-06,0.43382930755615234,0.04028807221712043,0.01620366533609984,0.06721196290283647,True,True,0.5155555555555555,0.24666666666666665,0.7289444444444444,True
M3_S10_R1_sma0.03_rho0.5_beta0.05,101,3,10,1,0.03,0.5,0.05,1.643617387292539e-09,0.03745052855947478,True,0.36370253562927246,0.14166870980107063,0.036538663469348885,0.0248629110381093,False,True,0.0009713344038704584,0.0012539797090766933,0.000830113077546256,5.681591444055577e-07,0.349041223526001,0.03653866346934494,0.003786398272205445,0.06804279143890098,True,True,0.3355555555555556,0.07105555555555558,0.5823888888888887,True
M3_S10_R1_sma0.03_rho0.5_beta0.05,102,3,10,1,0.03,0.5,0.05,1.0560853501866732e-17,0.05352968652832365,True,0.31026411056518555,0.017733495906572323,0.05680054501061503,0.023954990651208583,True,True,0.000977038180852815,0.001080939697982562,0.0007630585475640234,3.1459104046046154e-07,0.23662376403808594,0.05680054501062084,0.013691990184657351,0.10385240851773565,True,True,0.5888888888888888,0.3643888888888889,0.7911111111111111,True
M3_S10_R1_sma0.03_rho0.5_beta0.05,103,3,10,1,0.03,0.5,0.05,4.907231461908974e-17,0.05715296310937335,True,0.37465524673461914,0.04952941522278855,0.06286326637041678,0.032007678004710105,True,True,0.000890894652042332,0.0016342210988370646,0.001447647711675632,2.2108810988995593e-06,0.2477097511291504,0.06286326637041847,0.013037588038078559,0.11092891211945533,True,True,0.48888888888888893,0.1775555555555556,0.7401666666666665,True
M3_S10_R1_sma0.03_rho0.5_beta0.05,104,3,10,1,0.03,0.5,0.05,2.470310756724802e-19,0.046370558770859015,True,0.169663667678833,2.0477370709928086e-08,0.041308023319785024,0.007366016277992643,True,True,0.0008009174613484318,0.00031979307723272745,1.2955475766326372e-06,1.21171885372715e-05,0.4611093997955322,0.04130802331978405,0.021154674763825966,0.05879024530046224,True,True,0.6644444444444444,0.4465555555555556,0.8556111111111111,True
M3_S10_R1_sma0.03_rho0.5_beta0.05,105,3,10,1,0.03,0.5,0.05,1.9510862411249437e-20,0.06131908348993953,True,0.24986958503723145,0.07225122685515448,0.06167984151364602,0.03431362932154786,False,True,0.0009125608381042857,0.0025198031032975694,0.0016748816520146786,2.801090091362137e-05,0.36811113357543945,0.06167984151366138,0.021276869165044877,0.10438739110113429,True,True,0.31777777777777777,0.019944444444444463,0.5822777777777777,True
M3_S10_R1_sma0.03_rho0.5_beta0.05,106,3,10,1,0.03,0.5,0.05,9.450982675153224e-06,0.023505730799282247,True,0.17732000350952148,0.3769390284270342,0.018500457933539067,0.020938772054886534,True,True,0.0008504660941984457,0.0012734416670907962,0.0005726016533298775,3.0605795309627347e-06,0.2707936763763428,0.018500457933537603,-0.002979651000946765,0.03908071631547931,False,False,0.20222222222222225,-0.1223888888888889,0.4934999999999999,False
M3_S10_R1_sma0.03_rho0.5_beta0.05,107,3,10,1,0.03,0.5,0.05,0.36506262156339886,0.00554700705563864,True,0.38798975944519043,0.9732440986936858,-0.0008972357893207001,0.0267513464836827,False,True,0.0009404780138044839,0.0014638520984953812,0.0009794040066547346,1.8586256237754976e-06,0.3638451099395752,-0.0008972357893208088,-0.029916692240922315,0.035523224522232555,False,False,-0.11111111111111116,-0.3977777777777778,0.17122222222222216,False
M3_S10_R1_sma0.03_rho0.5_beta0.05,108,3,10,1,0.03,0.5,0.05,5.709218164503742e-35,0.07816797592202225,True,0.16217875480651855,0.00321514788798923,0.07642282950262042,0.025937852796220625,True,True,0.0007875704987774604,0.0006344718614049301,0.0009304012616399699,3.446915271420605e-07,0.271176815032959,0.07642282950262176,0.021993195846428604,0.12592033281577614,True,True,0.8044444444444445,0.6177777777777778,0.9200555555555554,True
M3_S10_R1_sma0.03_rho0.5_beta0.05,109,3,10,1,0.03,0.5,0.05,0.0005098583833193589,0.022803897481552187,True,0.4320974349975586,0.5432419535815817,0.020612000337547398,0.03390589699211658,True,True,0.0007828693505962977,0.0022064494576660232,0.0016461278412003213,3.689579182606907e-06,0.2766270637512207,0.020612000337552564,-0.024152890828350097,0.0808735249061393,False,True,0.15111111111111114,-0.18016666666666664,0.4533888888888889,False
M3_S10_R1_sma0.03_rho0.5_beta0.05,110,3,10,1,0.03,0.5,0.05,6.015879806099771e-11,0.03364471139237456,True,0.16291427612304688,0.001415539153717423,0.02963369243296026,0.009285298397310002,False,True,0.0007862306367983745,0.0003928307700595079,5.0702085810793757e-05,4.088416806473574e-06,0.3553147315979004,0.02963369243296048,0.009546919448446642,0.054751192033043065,True,True,0.5022222222222221,0.2443888888888889,0.7377777777777779,True
M3_S10_R1_sma0.03_rho0.5_beta0.05,111,3,10,1,0.03,0.5,0.05,1.8654531860234034e-05,0.025162736567716514,True,0.38229823112487793,0.042286583074573704,0.02959215495696183,0.01457247234189282,False,True,0.0009344544382959966,0.00037074153445810663,0.00022508998140324403,1.5336915880840168e-06,0.3737521171569824,0.029592154956961745,0.0064723833020805385,0.052789644171500644,True,True,0.5466666666666666,0.29327777777777775,0.7622777777777776,True
M3_S10_R1_sma0.03_rho0.5_beta0.05,112,3,10,1,0.03,0.5,0.05,0.8447677626220029,-0.0010768752521040316,True,0.1578214168548584,0.8990858434592903,0.0014959719235573968,0.011796375191696911,True,True,0.0008819064927014199,0.000864752951849308,0.00012054105222478064,3.968318576687659e-06,0.20458698272705078,0.001495971923557095,-0.023458147174227326,0.03040331233512831,False,False,0.06444444444444447,-0.23783333333333337,0.3667222222222222,False
M3_S10_R1_sma0.03_rho0.5_beta0.05,113,3,10,1,0.03,0.5,0.05,3.5056169197865693e-19,0.05447754069512692,True,0.1536405086517334,0.0014240360857172387,0.062414195488083364,0.01956720775583226,True,True,0.000960964411070068,0.0005764808674699805,0.0004782169879328492,3.916892390515324e-06,0.26828432083129883,0.0624141954880829,0.02909308984997046,0.09658029855348674,True,True,0.6866666666666668,0.4621666666666667,0.8556111111111111,True
M3_S10_R1_sma0.03_rho0.5_beta0.05,114,3,10,1,0.03,0.5,0.05,2.3884534807642044e-26,0.07621373895139225,True,0.3548882007598877,0.03517665526845513,0.07466968479369789,0.03545032169292746,True,True,0.0009266466736132391,0.008390640157355508,0.0017924232948366224,2.33275683934679e-05,0.15204954147338867,0.07466968479368766,0.028784090219706734,0.12169000586179796,True,True,0.45555555555555555,0.15999999999999998,0.7066666666666668,True
M3_S10_R1_sma0.03_rho0.5_beta0.05,115,3,10,1,0.03,0.5,0.05,3.559352469958841e-12,0.036836791445523306,True,0.3059823513031006,0.026780578036603556,0.04175140590572039,0.018851935982858073,False,True,0.0007626527720674927,0.0006375749858191208,0.00045682795824593105,2.349871741615961e-06,0.3381683826446533,0.04175140590572014,0.016122959612779326,0.0631742962665317,True,True,0.5822222222222222,0.32661111111111113,0.8,True
M3_S10_R1_sma0.03_rho0.5_beta0.05,116,3,10,1,0.03,0.5,0.05,4.238504335452579e-33,0.08208436972864844,True,0.320981502532959,0.014900114688162986,0.07604607968134462,0.031233016845678495,True,True,0.000925240129530085,0.007703086211118683,0.0013707279989706765,2.0503583997564707e-05,0.1621685028076172,0.07604607968134465,0.03327170713151316,0.12601556569781058,True,True,0.4466666666666667,0.16438888888888883,0.6867222222222222,True
M3_S10_R1_sma0.03_rho0.5_beta0.05,117,3,10,1,0.03,0.5,0.05,2.970870898547157e-44,0.09411533234997341,True,0.31789660453796387,0.00040706043838204057,0.09924964557402523,0.028072597805896677,True,True,0.000983456089876869,0.0037401313618080456,0.0010837605123697744,1.005492974915514e-05,0.15542292594909668,0.0992496455740246,0.05843478116546229,0.1388699044432786,True,False,0.6866666666666668,0.47105555555555556,0.8489999999999999,True
M3_S10_R1_sma0.03_rho0.5_beta0.05,118,3,10,1,0.03,0.5,0.05,1.7021812974462946e-58,0.08431044019472271,True,0.11698150634765625,1.1679627910929412e-19,0.08700955812560454,0.009590945643510334,True,True,0.0008059137925752214,0.0049373522750059224,5.738797824763129e-05,2.9693209845423133e-06,0.17155218124389648,0.08700955812560486,0.066466388879436,0.11055695518707934,True,False,0.6177777777777778,0.3866111111111112,0.808888888888889,True
M3_S10_R1_sma0.03_rho0.5_beta0.05,119,3,10,1,0.03,0.5,0.05,1.3616275201681195e-11,0.040747048820476944,True,0.3211798667907715,0.020434528902323508,0.04815767681572423,0.020773089338504285,True,True,0.0008780869626311792,0.0030069532680056213,0.0005594731647351128,1.9639509981011332e-05,0.20000100135803223,0.04815767681572645,0.013978666095064084,0.08321034618913804,True,True,0.4466666666666667,0.14666666666666667,0.7022222222222223,True
M3_S10_R1_sma0.03_rho0.5_beta0.05,120,3,10,1,0.03,0.5,0.05,8.894877394058149e-41,0.07518295725718162,True,0.2268357276916504,1.5162298476475848e-06,0.07592033121365441,0.015786856870023205,False,True,0.0008653011988730285,0.0015023518147363548,0.00028730715486459895,7.285065766007503e-06,0.328416109085083,0.07592033121365528,0.0465406880042232,0.10679210717158603,True,True,0.711111111111111,0.4911111111111111,0.8822222222222222,True
M3_S10_R1_sma0.03_rho0.5_beta0.05,121,3,10,1,0.03,0.5,0.05,9.486752443101189e-07,0.02929882115679738,True,0.3399844169616699,0.14451118197087612,0.034139308961114855,0.023395972868843637,True,True,0.000982828394047936,0.001361480168719583,0.0007227744803146672,1.801162983118323e-06,0.2165226936340332,0.034139308961113536,-0.0022190285451597906,0.07405153929362049,False,True,0.26666666666666666,-0.031277777777777745,0.549111111111111,False
M3_S10_R1_sma0.03_rho0.5_beta0.05,122,3,10,1,0.03,0.5,0.05,5.048253977093016e-36,0.07217186248755073,True,0.2687079906463623,3.0936028679496464e-05,0.07535246808741675,0.01808547063292588,True,True,0.0008499823671730303,0.004155352138344687,0.0004056281353043335,1.5068636360622511e-06,0.2534770965576172,0.07535246808741701,0.04597617413260618,0.1025288737136939,True,True,0.5222222222222221,0.2822222222222222,0.7333333333333334,True
M3_S10_R1_sma0.03_rho0.5_beta0.05,123,3,10,1,0.03,0.5,0.05,1.923573728897239e-25,0.057281563952432585,True,0.22646427154541016,2.2005691259870568e-08,0.06729768224395205,0.012027226643130292,True,True,0.0008629629113152066,0.0005486638324305686,0.00013068497995631358,8.339610552787179e-06,0.3898274898529053,0.06729768224395209,0.04455854354363379,0.08722391826553963,True,True,0.8488888888888888,0.7019444444444445,0.9644444444444444,True
M3_S10_R1_sma0.03_rho0.5_beta0.05,124,3,10,1,0.03,0.5,0.05,0.0010469328328941753,0.019638284836879613,True,0.29505372047424316,0.39537245357909767,0.01983336662079543,0.023335711408520202,True,True,0.0008295623075041368,0.002955032840163705,0.0007338769096621816,1.2035998801307365e-10,0.13451671600341797,0.019833366620795604,-0.01347590386887943,0.059655872819858596,False,True,0.12222222222222223,-0.1866666666666667,0.4222222222222223,False
M3_S10_R1_sma0.03_rho0.5_beta0.05,125,3,10,1,0.03,0.5,0.05,2.7571657276956675e-20,0.049087525923155004,True,0.35501599311828613,0.01196803542732566,0.050710256307655376,0.020178484979822713,True,True,0.0007392877728599397,0.0007485683112224113,0.0005368281068353323,3.9245134169246425e-07,0.21690964698791504,0.05071025630765012,0.019410848581170956,0.07994375009885105,True,True,0.6000000000000001,0.36883333333333335,0.8155555555555556,True
M3_S10_R1_sma0.03_rho0.5_beta0.05,126,3,10,1,0.03,0.5,0.05,0.41585230036666276,0.005856134634709012,True,0.29208803176879883,0.9088115850109736,0.004050510711244931,0.03536400420433884,False,True,0.0009465681438413086,0.0020591189370346803,0.0017812623756624573,1.0915796981348147e-06,0.38015270233154297,0.004050510711241814,-0.04417454649306333,0.07199951764632298,False,True,-0.08000000000000002,-0.39338888888888884,0.24449999999999997,False
M3_S10_R1_sma0.03_rho0.5_beta0.05,127,3,10,1,0.03,0.5,0.05,2.4648317061588763e-17,0.04659450377764938,True,0.16628551483154297,0.0015321704816129175,0.051911577659596135,0.016383539547322877,True,True,0.000776078273795596,0.0009750399709449988,0.00032502272476847354,2.1534104217762964e-05,0.1828479766845703,0.051911577659595816,0.019653110547935018,0.08092866202167927,True,True,0.5800000000000001,0.34883333333333333,0.7823333333333332,True
M3_S10_R1_sma0.03_rho0.5_beta0.05,128,3,10,1,0.03,0.5,0.05,4.480823981704487e-36,0.08024701580030733,True,0.23591208457946777,0.0010442960369616903,0.08721542733357332,0.02660375400351904,True,True,0.0009470964848732851,0.0029962054273385596,0.0009669299421323343,4.1085388545437725e-06,0.32465696334838867,0.08721542733357593,0.049930994656723626,0.12361119313605697,True,True,0.6022222222222222,0.36883333333333335,0.8066666666666666,True
M3_S10_R1_sma0.03_rho0.5_beta0.05,129,3,10,1,0.03,0.5,0.05,4.9082412360821703e-08,0.038875034422988584,True,0.29244017601013184,0.23715624383530076,0.03542848784801917,0.029970179344888607,False,True,0.0011573322389655824,2.200551266321463e-05,0.0012315842510502656,8.38185612064624e-06,0.302593469619751,0.03542848784801014,-0.01508446652264923,0.08138618797830745,False,True,0.45999999999999996,0.18661111111111114,0.7111666666666665,True
M3_S10_R1_sma0.03_rho0.5_beta0.05,130,3,10,1,0.03,0.5,0.05,3.35606535380025e-18,0.046650736501982676,True,0.311309814453125,3.9960377110039176e-14,0.06331769946416647,0.008374113006737235,True,True,0.0008434764428067612,0.0007770432078192673,2.0841008693734825e-05,2.5466256445781035e-06,0.2602858543395996,0.0633176994641673,0.03866758860862185,0.09161629371754225,True,True,0.6822222222222223,0.4577777777777778,0.8733888888888888,True
M3_S10_R1_sma0.03_rho0.5_beta0.05,131,3,10,1,0.03,0.5,0.05,7.020162027925863e-16,0.04803808354195742,True,0.23960161209106445,0.0017802452362851173,0.045990964498169924,0.014718817780934118,True,True,0.0009786561493255411,0.0010231340228521696,0.00022709978036996003,7.985353770064566e-06,0.18121743202209473,0.04599096449816931,0.012299934079406435,0.07947956016579791,True,True,0.5022222222222221,0.23105555555555554,0.7312222222222221,True
M3_S10_R1_sma0.03_rho0.5_beta0.05,132,3,10,1,0.03,0.5,0.05,1.0165290030193377e-30,0.06676212911583458,True,0.3697216510772705,0.03291205748159322,0.060742946838378435,0.02847564392162807,True,True,0.0009073522944733155,0.0028035400607949582,0.001125558215679726,5.877523030989577e-06,0.4140479564666748,0.06074294683838113,0.03585001358023633,0.08756846015029865,True,True,0.4377777777777778,0.1553333333333333,0.6733888888888888,True
M3_S10_R1_sma0.03_rho0.5_beta0.05,133,3,10,1,0.03,0.5,0.05,1.5801024219560126e-16,0.0454611015664721,True,0.3494141101837158,0.00023409546054431387,0.04760515246401333,0.012939488951115017,True,True,0.0008259295933697596,2.07698481451701e-05,0.0001685526021370669,2.1782765451516622e-08,0.6419627666473389,0.047605152464013714,0.030061539925366844,0.06757334654503523,True,True,0.8111111111111111,0.6599444444444443,0.9288888888888889,True
M3_S10_R1_sma0.03_rho0.5_beta0.05,134,3,10,1,0.03,0.5,0.05,6.610013918800915e-42,0.07548935763894608,True,0.3378877639770508,4.624706899756736e-12,0.07514125235172107,0.010863832270785237,True,True,0.0008662493659831941,0.00034482856216267414,9.040934081331702e-05,2.538266483879366e-05,0.24925875663757324,0.0751412523517213,0.04727666773868659,0.10317932682607381,True,True,0.8577777777777778,0.72,0.955611111111111,True
M3_S10_R1_sma0.03_rho0.5_beta0.05,135,3,10,1,0.03,0.5,0.05,1.7461679864682872e-23,0.055154922963959234,True,0.36122798919677734,0.015109450341883632,0.07000451840025348,0.028811467555790945,False,True,0.0008392570623858578,0.00253796091433501,0.0011612252878389821,9.171459797125261e-06,0.43811511993408203,0.07000451840025337,0.04639493595177458,0.09101316941940155,True,True,0.38888888888888884,0.1110555555555556,0.6244999999999998,True
M3_S10_R1_sma0.03_rho0.5_beta0.05,136,3,10,1,0.03,0.5,0.05,3.7086688410949345e-10,0.03887517031616807,True,0.3274097442626953,0.11869836541486076,0.02829708419724826,0.018136129594171914,True,True,0.0009877386605796645,0.010148979656468651,0.00039460492892692405,2.787868346184589e-05,0.24162054061889648,0.028297084197248114,-6.821964316177285e-05,0.056688132986255836,False,True,0.17111111111111116,-0.1001666666666667,0.4755555555555555,False
M3_S10_R1_sma0.03_rho0.5_beta0.05,137,3,10,1,0.03,0.5,0.05,2.664313547822551e-30,0.05965222226751964,True,0.21787595748901367,1.5214715166027682e-12,0.05809259198377205,0.008213848492753747,False,True,0.0007861713332161062,0.00031605614979661483,2.258382727125868e-05,5.6746920856902065e-06,0.44208264350891113,0.058092591983772,0.03491729742426355,0.08314075001622805,True,True,0.7577777777777779,0.56,0.9177777777777778,True
M3_S10_R1_sma0.03_rho0.5_beta0.05,138,3,10,1,0.03,0.5,0.05,9.282624777684319e-18,0.053479085365997776,True,0.2014622688293457,0.002635230810058898,0.05460755411780736,0.01815793986583973,True,True,0.001028441550147845,0.0005613511843053598,0.00039172201524241253,3.829137435883706e-06,0.3641793727874756,0.05460755411780977,0.025461272073729405,0.07922224078333234,True,True,0.72,0.5110555555555555,0.9022777777777777,True
M3_S10_R1_sma0.03_rho0.5_beta0.05,139,3,10,1,0.03,0.5,0.05,6.577156223436744e-22,0.056019991268277294,True,0.16895079612731934,0.00017391872147652052,0.0599479120344354,0.015968364817368613,True,True,0.0009020934387409117,0.0011592669429947397,0.00029227366853677597,5.126351158781447e-06,0.36000704765319824,0.05994791203443628,0.024310717747008763,0.10068110325507906,True,True,0.6044444444444443,0.3688888888888889,0.8066666666666666,True
M3_S10_R1_sma0.03_rho0.5_beta0.05,140,3,10,1,0.03,0.5,0.05,1.4788740117246707e-22,0.06014521184077857,True,0.30522942543029785,0.008029374951629375,0.05585113840257441,0.021069285654953123,True,True,0.0009348873522728086,0.006638037677715806,0.0005723834617877211,1.1941234401908202e-05,0.2098371982574463,0.05585113840257395,0.02247823045881274,0.08832575806400352,True,True,0.3733333333333333,0.10194444444444445,0.6399999999999999,True
M3_S10_R1_sma0.03_rho0.5_beta0.05,141,3,10,1,0.03,0.5,0.05,1.160259341068964e-42,0.08211544431431524,True,0.3005635738372803,3.223111687966631e-06,0.0843788686516885,0.018122358623290064,True,True,0.0009252712771729237,0.002051031329146581,0.0004001026953894184,2.132774750262287e-06,0.19716334342956543,0.08437886865168859,0.05229668763408126,0.11541540414903984,True,False,0.7044444444444444,0.506611111111111,0.8777777777777778,True
M3_S10_R1_sma0.03_rho0.5_beta0.05,142,3,10,1,0.03,0.5,0.05,5.051571080862333e-15,0.04341929209766636,True,0.3234395980834961,0.00020866935704220397,0.03805011023202189,0.010260843100316384,True,True,0.0008929718094263902,0.00040325053012120254,6.863017075132336e-05,5.545591178319604e-06,0.20236992835998535,0.038050110232022726,0.012428081365451487,0.0604813652895088,True,True,0.5533333333333332,0.30666666666666664,0.7933333333333332,True
M3_S10_R1_sma0.03_rho0.5_beta0.05,143,3,10,1,0.03,0.5,0.05,4.048592089340952e-40,0.07176220011907107,True,0.25365447998046875,6.821907685898337e-16,0.07006672988838483,0.00867842954826753,True,True,0.0008814874160233651,0.0004824921120330677,2.4823967534029893e-05,3.0701674394592486e-06,0.3318479061126709,0.07006672988838569,0.04596691151857804,0.09493216697177985,True,True,0.8711111111111112,0.726611111111111,0.9689444444444444,True
M3_S10_R1_sma0.03_rho0.5_beta0.05,144,3,10,1,0.03,0.5,0.05,1.8641160940309203e-22,0.05641068589216939,True,0.29241013526916504,0.0011692105681643831,0.05137608162712438,0.01582610764657597,True,True,0.0008996709937158773,0.004114792024380888,0.0002857314254899217,9.59364713283673e-06,0.19282865524291992,0.05137608162712307,0.013525179623919388,0.08926015470576515,True,True,0.34888888888888886,0.07083333333333336,0.6022777777777777,True
M3_S10_R1_sma0.03_rho0.5_beta0.05,145,3,10,1,0.03,0.5,0.05,2.127025419924825e-18,0.06078248464233598,True,0.3339707851409912,0.0459383492197837,0.06258036193414926,0.03135352550262919,True,True,0.0010699330403028137,0.0035432190516442603,0.0013675720381358955,1.3078458525125477e-05,0.394329309463501,0.06258036193415463,0.016193271463087803,0.1206289012858467,True,True,0.4155555555555555,0.1577777777777778,0.6622777777777777,True
M3_S10_R1_sma0.03_rho0.5_beta0.05,146,3,10,1,0.03,0.5,0.05,3.293750356031205e-09,0.03644667838151034,True,0.18932795524597168,0.13225608998193705,0.039189299015744763,0.026034825900009398,True,True,0.0008516567731053268,0.0009670211576745226,0.0009315525621551826,7.998563797829688e-08,0.3137388229370117,0.03918929901574275,-0.01292053639038502,0.08268715877832153,False,True,0.39111111111111113,0.09977777777777783,0.6378333333333333,True
M3_S10_R1_sma0.03_rho0.5_beta0.05,147,3,10,1,0.03,0.5,0.05,0.0002276015145796509,0.02381189958675246,True,0.28047800064086914,0.5311391118390602,0.02233432489975827,0.035662562417400526,True,True,0.000897210177657996,0.0028854670863138927,0.0018180065194966673,4.962414483001168e-06,0.2802314758300781,0.022334324899755016,-0.02386560711211699,0.08837984442829352,False,True,0.037777777777777743,-0.28005555555555556,0.3289444444444444,False
M3_S10_R1_sma0.03_rho0.5_beta0.05,148,3,10,1,0.03,0.5,0.05,1.374501968617212e-16,0.04317107577767589,True,0.33500099182128906,8.758702017262879e-09,0.04706818750796535,0.008181266014669999,True,True,0.00081162545135132,0.0013580271962710538,1.9237125269058963e-05,1.5838685433486943e-05,0.19882416725158691,0.04706818750796527,0.025976625891181552,0.07032156078207807,True,True,0.5377777777777777,0.29327777777777775,0.7689444444444444,True
M3_S10_R1_sma0.03_rho0.5_beta0.05,149,3,10,1,0.03,0.5,0.05,4.2875914463625134e-14,0.043732997453983964,True,0.386690616607666,0.025931968405830723,0.03938248344975068,0.017682277960884105,True,True,0.0008663602687047822,0.004652160457509008,0.00038235840395847075,8.3970335134068e-06,0.17007040977478027,0.03938248344975126,0.0015662116969493787,0.07471055972267339,True,True,0.3222222222222222,0.046666666666666634,0.5711666666666666,True
M3_S10_R1_sma0.03_rho0.5_beta0.05,150,3,10,1,0.03,0.5,0.05,0.5428433158435861,-0.0035822064277426413,True,0.11754965782165527,0.6203787977780149,-0.007333333631842849,0.014805436727533521,False,True,0.000980451541394607,0.009153104730311215,0.00023075628090003775,1.451686421791103e-06,0.3640120029449463,-0.00733333363184244,-0.039662222192298785,0.029199158335578946,False,False,-0.03555555555555556,-0.33116666666666666,0.25555555555555554,False
M3_S10_R1_sma0.03_rho0.5_beta0.05,151,3,10,1,0.03,0.5,0.05,3.8954010230908256e-19,0.05467471685210777,True,0.10015702247619629,0.040711989795272824,0.044856351505132036,0.021919090686084202,True,True,0.0009180731765745509,0.0024333312326601047,0.0006288624870996938,6.58175678957895e-06,0.16382551193237305,0.04485635150513125,0.010440424387948385,0.08074493768627587,True,True,0.43999999999999995,0.16438888888888883,0.6733888888888888,True
M3_S10_R1_sma0.03_rho0.5_beta0.05,152,3,10,1,0.03,0.5,0.05,2.3997276593371175e-42,0.07827206662408726,True,0.16333246231079102,1.654145649983481e-09,0.06909090585244305,0.011460575457170956,True,True,0.0009501385995800591,0.0008043928044020396,0.00010200332475625687,7.958892566831986e-06,0.19456267356872559,0.06909090585244305,0.04668742379900823,0.09417715755661062,True,True,0.8266666666666667,0.6754999999999999,0.9488888888888889,True
M3_S10_R1_sma0.03_rho0.5_beta0.05,153,3,10,1,0.03,0.5,0.05,4.280271015836948e-16,0.04894341085699928,True,0.13424062728881836,0.1081072322744578,0.04810706277235375,0.02994043349145967,True,True,0.001004322934266847,0.0024304889080271493,0.001244212043058029,4.4070031273455e-06,0.273073673248291,0.04810706277235292,0.00826250698940196,0.09051462549664113,True,True,0.30222222222222217,0.026611111111111068,0.5622777777777777,True
M3_S10_R1_sma0.03_rho0.5_beta0.05,154,3,10,1,0.03,0.5,0.05,4.733809379294222e-20,0.05315124112038614,True,0.24196147918701172,0.01039926353715401,0.05792232938050918,0.022605929551580913,True,True,0.0009784152660248777,0.001251794783837659,0.0006687005497340643,1.8386004576130817e-06,0.19498419761657715,0.05792232938050724,0.028880704494558176,0.08564124842669676,True,True,0.6244444444444444,0.42216666666666675,0.8266666666666667,True
M3_S10_R1_sma0.03_rho0.5_beta0.05,155,3,10,1,0.03,0.5,0.05,1.4248527529360133e-19,0.054747662242287186,True,0.42384791374206543,0.0037304629698437035,0.06005987176207042,0.020709602505720542,True,True,0.0009328408005929804,0.0017699522288410897,0.0005500473738581242,1.6007155359994748e-06,0.2568073272705078,0.06005987176207047,0.03331492034650828,0.09620875447386197,True,True,0.6244444444444444,0.3866666666666667,0.7956666666666666,True
M3_S10_R1_sma0.03_rho0.5_beta0.05,156,3,10,1,0.03,0.5,0.05,6.36393688567955e-33,0.06511906013989868,True,0.1405317783355713,2.5049124523385495e-14,0.06562142016535166,0.008609892632799697,True,True,0.0009189288642464388,0.001415724262995107,1.930249029786144e-05,1.5491440653882318e-05,0.17471551895141602,0.06562142016535137,0.046781688163351806,0.08496342444357555,True,True,0.6888888888888889,0.46872222222222226,0.8555555555555556,True
M3_S10_R1_sma0.03_rho0.5_beta0.05,157,3,10,1,0.03,0.5,0.05,1.1050760703997977e-33,0.0681909518107294,True,0.1602771282196045,1.4842297874568767e-06,0.06266667516685896,0.01301935441984031,True,True,0.0009173538361994747,0.0005174550337988016,0.0001625200006441793,7.658269783709695e-06,0.18022847175598145,0.06266667516685877,0.04050247044348993,0.09279418383133003,True,True,0.7533333333333334,0.5622222222222222,0.9044444444444444,True
M3_S10_R1_sma0.03_rho0.5_beta0.05,158,3,10,1,0.03,0.5,0.05,2.8117306749292196e-26,0.06029177411105687,True,0.33878087997436523,0.00213383121402253,0.06565604776979793,0.021379760226333356,True,True,0.0008912558720400837,0.0018301258736280524,0.00059651563379925,7.217132499783902e-06,0.24604392051696777,0.06565604776979989,0.03751205362057757,0.0975301578102811,True,True,0.5911111111111111,0.34438888888888897,0.7977777777777777,True
M3_S10_R1_sma0.03_rho0.5_beta0.05,159,3,10,1,0.03,0.5,0.05,0.00036706451538033434,0.021318212696550702,True,0.3357534408569336,0.1843780218604748,0.020623999945551745,0.015537197662529657,False,True,0.0009791515529655596,0.0004832525292286295,0.00026419161151021084,1.1273204550258739e-06,0.34389424324035645,0.02062399994555145,-0.013513786495650236,0.05515801132563887,False,True,0.29777777777777775,0.026666666666666616,0.5822777777777777,True
M3_S10_R1_sma0.03_rho0.5_beta0.05,160,3,10,1,0.03,0.5,0.05,1.6801002679627582e-08,0.03283580517849686,True,0.26059913635253906,0.09005867020255383,0.039183087530590036,0.023115661517318746,True,True,0.0009458442448904571,0.001205407765878198,0.0007069162865857515,1.1692124958837053e-06,0.23344159126281738,0.0391830875305863,0.010195528645170794,0.06346375273816439,True,True,0.3422222222222222,0.06000000000000005,0.6022777777777777,True
M3_S10_R1_sma0.03_rho0.5_beta0.05,161,3,10,1,0.03,0.5,0.05,0.04800326000309863,0.01068881710044508,True,0.32454657554626465,0.17559414393189898,0.01729189973902693,0.012766769796151784,True,True,0.0008203507869692362,0.0016195596238141989,0.0001624505378449824,7.992855061438726e-06,0.30692505836486816,0.01729189973902718,-0.014065804927491673,0.045516916133132544,False,False,0.25111111111111106,-0.05333333333333329,0.5357222222222221,False
M3_S10_R1_sma0.03_rho0.5_beta0.05,162,3,10,1,0.03,0.5,0.05,3.7051547784073853e-09,0.03286251071196383,True,0.25727295875549316,0.005269131510970791,0.029695296750275282,0.01064308353866501,True,True,0.0009115126436580441,0.0009685549675376743,7.876157645069686e-05,4.75110161575602e-06,0.3375129699707031,0.02969529675027545,0.006552314077407381,0.05671810702787704,True,True,0.3666666666666667,0.10427777777777773,0.6289444444444443,True
M3_S10_R1_sma0.03_rho0.5_beta0.05,163,3,10,1,0.03,0.5,0.05,6.21418462903997e-20,0.0555985110950706,True,0.15373015403747559,0.01725581016018615,0.05693934753450127,0.02391192551035774,True,True,0.000847873318283004,0.0017677233959568965,0.000772882940590996,3.082962231633448e-05,0.19123601913452148,0.0569393475344997,0.004624832561499108,0.0962735179273379,True,True,0.5355555555555556,0.24655555555555553,0.7689444444444444,True
M3_S10_R1_sma0.03_rho0.5_beta0.05,164,3,10,1,0.03,0.5,0.05,2.4959304648645214e-42,0.07458510464130792,True,0.21596765518188477,2.6215512307970905e-11,0.07335553187039448,0.011003770817677123,True,True,0.000867840019509135,0.002380260555932717,9.48404563610325e-05,9.579824387641257e-06,0.1744675636291504,0.07335553187039431,0.04514395006119217,0.1047462887993084,True,True,0.6955555555555555,0.491,0.8666666666666667,True
M3_S10_R1_sma0.03_rho0.5_beta0.05,165,3,10,1,0.03,0.5,0.05,1.687069978841534e-31,0.06610815649141458,True,0.18873071670532227,1.0523247035676037e-10,0.07431488309949366,0.011505211468187004,False,True,0.0009072451509413553,0.0027720637746494834,0.00010783032129741302,2.8525461142106723e-06,0.3018782138824463,0.07431488309949298,0.04959122845764955,0.09779695904354331,True,True,0.6755555555555555,0.4421666666666667,0.8711111111111112,True
M3_S10_R1_sma0.03_rho0.5_beta0.05,166,3,10,1,0.03,0.5,0.05,1.7871295144566613e-56,0.0901260671838991,True,0.17612695693969727,2.6159936007790128e-12,0.0815546607126795,0.011655748649704839,True,True,0.0009326170309817972,0.0006939918700231168,0.00011052301177946564,1.530133922498963e-05,0.3815176486968994,0.08155466071267972,0.04563799157275905,0.11730830445052895,True,True,0.8022222222222222,0.6155555555555556,0.9244999999999999,True
M3_S10_R1_sma0.03_rho0.5_beta0.05,167,3,10,1,0.03,0.5,0.05,8.262464513819476e-34,0.07146953064226395,True,0.3053600788116455,6.153942476121561e-06,0.07230700766151138,0.015993480563792576,True,True,0.0009018358141602928,0.0008145641552590139,0.0002935035494005983,3.2275722564047945e-06,0.27068233489990234,0.07230700766151354,0.041973806550440425,0.10121799289608746,True,True,0.7044444444444444,0.4910555555555556,0.8756111111111111,True
M3_S10_R1_sma0.03_rho0.5_beta0.05,168,3,10,1,0.03,0.5,0.05,5.765624692871484e-29,0.0727986377316583,True,0.26639652252197266,0.006276274150674443,0.0750817609911837,0.02747241431843112,True,True,0.0008957786259895156,0.0014515209006937145,0.0010425224601263142,2.7832335461090134e-05,0.13579440116882324,0.07508176099118387,0.02519281057060697,0.11933558962217619,True,True,0.7155555555555555,0.4931666666666667,0.8889999999999999,True
M3_S10_R1_sma0.03_rho0.5_beta0.05,169,3,10,1,0.03,0.5,0.05,1.8072654702477815e-10,0.03857627145914883,True,0.19831323623657227,0.03470060670206426,0.03757348456223514,0.01779186588676593,True,True,0.0009567656456886898,0.0006301615379619471,0.0003791491730301365,2.2753439666248446e-07,0.24453163146972656,0.03757348456223563,0.00540693292286665,0.0784107143025781,True,True,0.43111111111111106,0.16438888888888883,0.6777777777777778,True
M3_S10_R1_sma0.03_rho0.5_beta0.05,170,3,10,1,0.03,0.5,0.05,5.939748363409202e-17,0.04860875447569586,True,0.2542867660522461,0.0042429570831978205,0.05065749230336151,0.017715443520846464,True,True,0.000971160156112723,0.0006628818022389324,0.00037363939309919685,8.459419039439093e-06,0.24738144874572754,0.05065749230336247,0.028635934374191933,0.0738917992056193,True,True,0.7133333333333334,0.5155555555555555,0.8777777777777778,True
M3_S10_R1_sma0.03_rho0.5_beta0.05,171,3,10,1,0.03,0.5,0.05,7.600681465358056e-09,0.02959293927282373,True,0.14129996299743652,8.140010802866464e-05,0.03009642178121672,0.007638220325680608,True,True,0.0007827356459603823,0.0018598483621511694,9.240050019422238e-06,2.17406400657779e-05,0.3003818988800049,0.030096421781216593,0.012204511662675357,0.05251977599216392,True,True,0.3466666666666667,0.07105555555555558,0.5867777777777777,True
M3_S10_R1_sma0.03_rho0.5_beta0.05,172,3,10,1,0.03,0.5,0.05,2.6682948071507244e-32,0.07926368683971058,True,0.42557668685913086,0.0101775924889935,0.07894285776025127,0.030720216188895946,True,True,0.0009962620935078219,0.0019099662149742926,0.0013159713146882134,2.5086667562653004e-06,0.27401232719421387,0.0789428577602616,0.027699076523140343,0.13201432487397963,True,True,0.5955555555555556,0.36661111111111117,0.7933888888888887,True
M3_S10_R1_sma0.03_rho0.5_beta0.05,173,3,10,1,0.03,0.5,0.05,5.976420293604424e-44,0.07544584472913772,True,0.36887264251708984,5.47125084464541e-10,0.07988823345351755,0.01287490911625938,True,True,0.0008480421799098608,0.0014610077612977569,0.00016384070913692502,1.092370182394087e-05,0.38710927963256836,0.07988823345351816,0.05913701364302938,0.10568349363295697,True,False,0.7777777777777777,0.5977777777777777,0.9267222222222222,True
M3_S10_R1_sma0.03_rho0.5_beta0.05,174,3,10,1,0.03,0.5,0.05,1.152860167166951e-26,0.05961667604044428,True,0.17699885368347168,7.36171260429793e-15,0.0624298378376102,0.008026352508705502,True,True,0.0009653324050680818,0.0031654565656321137,1.002613841979681e-07,1.0803095604243885e-05,0.3284423351287842,0.062429837837610275,0.04622888996988417,0.07696887882615687,True,True,0.56,0.3288333333333333,0.7644444444444445,True
M3_S10_R1_sma0.03_rho0.5_beta0.05,175,3,10,1,0.03,0.5,0.05,4.0759401804413385e-36,0.07632864928899971,True,0.3535144329071045,0.0023629342721251095,0.07604234959426923,0.025010947027158278,True,True,0.0009629273722197468,0.0012939794684176489,0.0008420284695710059,8.123920774510596e-07,0.36490845680236816,0.07604234959426964,0.0437212280106587,0.11314526553927846,True,True,0.6755555555555555,0.43988888888888883,0.8422222222222222,True
M3_S10_R1_sma0.03_rho0.5_beta0.05,176,3,10,1,0.03,0.5,0.05,4.3950572507613214e-05,0.02202255358431605,True,0.1503286361694336,0.0011583519653157008,0.02813466159651904,0.008659638669337744,True,True,0.0008944540390214945,0.0018368932062279202,2.3038608923084985e-05,3.240353086150058e-05,0.3140995502471924,0.028134661596519044,0.004984920695625847,0.052856330714749024,True,True,0.3155555555555556,0.031055555555555538,0.5822777777777777,True
M3_S10_R1_sma0.03_rho0.5_beta0.05,177,3,10,1,0.03,0.5,0.05,1.550642240870666e-23,0.0582832498994949,True,0.32747864723205566,0.0010066157643878755,0.059330181545990214,0.018040776833651725,True,True,0.0008649354951173367,0.00049285335448423,0.00040171089363070194,3.838111415949895e-06,0.3222477436065674,0.05933018154598969,0.027444218193285463,0.08860115400914151,True,True,0.7266666666666666,0.5044444444444445,0.8911111111111112,True
M3_S10_R1_sma0.03_rho0.5_beta0.05,178,3,10,1,0.03,0.5,0.05,6.040687019558287e-11,0.04360684855779615,True,0.27450013160705566,0.14983803111290803,0.04069385834911886,0.028257586740120213,True,True,0.0008627507101477641,0.000909936003515321,0.00111146174154842,3.287454661948431e-07,0.2798926830291748,0.040693858349123306,-0.00959262303790105,0.08473054131362365,False,True,0.45333333333333337,0.17772222222222225,0.731111111111111,True
M3_S10_R1_sma0.03_rho0.5_beta0.05,179,3,10,1,0.03,0.5,0.05,4.5398199803742533e-35,0.07694012947217545,True,0.3744692802429199,0.005062464451384514,0.07868694616628984,0.028072082618721843,True,True,0.0008964586140785462,0.0027301010304570474,0.0010924168724206914,9.339264208734186e-06,0.29502320289611816,0.07868694616629042,0.038429334862,0.1281684898675586,True,True,0.5355555555555556,0.29316666666666663,0.7533888888888889,True
M3_S10_R1_sma0.03_rho0.5_beta0.05,180,3,10,1,0.03,0.5,0.05,5.730347945365726e-13,0.040295099517464295,True,0.22734951972961426,3.591892355852144e-05,0.035189873083187925,0.008515858025467345,True,True,0.0009649891311334762,0.000701708788803365,1.2280843751528646e-05,2.219620029348092e-05,0.31299853324890137,0.03518987308318837,0.009257743661608402,0.06553846690303312,True,True,0.4288888888888889,0.1509444444444445,0.6801666666666665,True
M3_S10_R1_sma0.03_rho0.5_beta0.05,181,3,10,1,0.03,0.5,0.05,2.699953819641561e-07,0.028281866198131663,True,0.1409449577331543,0.0033856022888299696,0.03357509156370109,0.011457634526137425,False,True,0.000897734459670989,0.0017035927141896498,0.0001071426374347038,2.2318151256480592e-05,0.435962438583374,0.03357509156370077,0.010224110381086384,0.05624383761663722,True,True,0.3622222222222222,0.0822222222222222,0.6177777777777778,True
M3_S10_R1_sma0.03_rho0.5_beta0.05,182,3,10,1,0.03,0.5,0.05,4.404036809247419e-06,0.02867898085807166,True,0.367443323135376,0.027177442238760476,0.03970000360406039,0.017972262291673462,True,True,0.0010186604380628627,0.003163216622063257,0.000382637274014772,1.4149543876056465e-05,0.23885464668273926,0.039700003604061666,-0.006830201983262901,0.08064969169854252,False,True,0.38888888888888884,0.08666666666666667,0.6867222222222222,True
M3_S10_R1_sma0.03_rho0.5_beta0.05,183,3,10,1,0.03,0.5,0.05,0.00017129769173455375,0.023421791123091562,True,0.3203279972076416,0.5426670371889967,0.0214364901128939,0.03521192925658039,True,True,0.0008769064933149944,0.0042194178454128305,0.0017721292936240436,6.657204924169559e-06,0.31345510482788086,0.021436490112892684,-0.02271987902777891,0.06579560083318466,False,True,0.2933333333333333,0.01327777777777781,0.5712222222222222,True
M3_S10_R1_sma0.03_rho0.5_beta0.05,184,3,10,1,0.03,0.5,0.05,2.912538091607454e-25,0.0640334314128427,True,0.27025556564331055,0.002372542188034859,0.06983269236138427,0.02297777728844598,True,True,0.0008600604299262648,0.005973174234358458,0.000705961330683503,3.774391456781074e-05,0.19780564308166504,0.06983269236138384,0.0287145676564286,0.10158903253457241,True,True,0.5022222222222221,0.21111111111111108,0.7645,True
M3_S10_R1_sma0.03_rho0.5_beta0.05,185,3,10,1,0.03,0.5,0.05,2.6908362321186384e-09,0.036170657941424086,True,0.19174575805664062,0.10163046977332281,0.04137278373863243,0.02527353925696624,False,True,0.0009472474741221865,0.0012882222282606707,0.000863402932447924,1.1965837762237072e-06,0.3251185417175293,0.041372783738636135,-0.00036159687186360616,0.09108392957468561,False,True,0.3155555555555556,0.020000000000000018,0.5800555555555555,True
M3_S10_R1_sma0.03_rho0.5_beta0.05,186,3,10,1,0.03,0.5,0.05,0.0015055460722985864,0.024677027913447638,True,0.2636089324951172,0.5240976477029584,0.026799497855941656,0.04206866780400679,True,True,0.0009371964624329014,0.0035635595997036075,0.002560939569961718,4.572342725528712e-06,0.17715024948120117,0.026799497855934506,-0.03934035750980177,0.09665234330891294,False,True,0.04222222222222222,-0.2645555555555556,0.3356111111111111,False
M3_S10_R1_sma0.03_rho0.5_beta0.05,187,3,10,1,0.03,0.5,0.05,2.612957964285162e-21,0.05256288796351866,True,0.18039345741271973,9.174245184422485e-06,0.06218733397810931,0.014019503010358488,True,True,0.0008391387002831653,3.848591730468122e-05,0.00021090582695786075,1.4852412792129178e-05,0.13900399208068848,0.062187333978110354,0.03186457421925976,0.0968071970821516,True,True,0.8111111111111111,0.6332777777777777,0.9422777777777778,True
M3_S10_R1_sma0.03_rho0.5_beta0.05,188,3,10,1,0.03,0.5,0.05,0.013440091746059549,0.013678212447788095,True,0.24782466888427734,0.6748890395060934,0.008378961732613908,0.01997618211546174,False,True,0.0008723322106594178,0.00103903220630617,0.0005113385567992064,2.307501565605009e-06,0.37961912155151367,0.008378961732614144,-0.013679758378104229,0.03149906752662319,False,False,0.07777777777777772,-0.20005555555555551,0.3667222222222222,False
M3_S10_R1_sma0.03_rho0.5_beta0.05,189,3,10,1,0.03,0.5,0.05,1.9104931689535743e-26,0.06046376810874979,True,0.13701176643371582,2.3794643658055782e-05,0.06101772859032169,0.014438856886077416,True,True,0.0008908040910910753,0.0024231721306035665,0.00022364047315584103,2.1666584402159194e-12,0.15596890449523926,0.06101772859032332,0.036099217798485995,0.09248223787319114,True,True,0.5844444444444445,0.3310555555555556,0.788888888888889,True
M3_S10_R1_sma0.03_rho0.5_beta0.05,190,3,10,1,0.03,0.5,0.05,6.820542621230671e-33,0.06531882808306999,True,0.15463948249816895,4.36220577162542e-10,0.06606606758061274,0.010586690632710285,True,True,0.0008881727598603076,0.0016828279203265888,7.929975184304304e-05,5.4355076012118055e-06,0.3379380702972412,0.0660660675806129,0.04692294483033946,0.08755692652780908,True,True,0.6955555555555555,0.4888333333333334,0.8666666666666667,True
M3_S10_R1_sma0.03_rho0.5_beta0.05,191,3,10,1,0.03,0.5,0.05,2.176904732626278e-12,0.03978707314505426,True,0.3266921043395996,0.004666711514580817,0.03857549829775202,0.013634858015497195,True,True,0.0008715034291862684,0.0009456399865346484,0.00019171368673552398,3.2043925709404874e-05,0.17836618423461914,0.03857549829775219,0.014683168342047671,0.058475981887298516,True,True,0.5777777777777777,0.32216666666666666,0.78,True
M3_S10_R1_sma0.03_rho0.5_beta0.05,192,3,10,1,0.03,0.5,0.05,2.9248782450911262e-27,0.05739583638660105,True,0.27813243865966797,0.01159880650404718,0.05379559691161497,0.02131260793038187,True,True,0.0008296144001418236,0.0018068858572085139,0.000598379445177076,3.3598890785689294e-06,0.37194204330444336,0.05379559691161094,0.033406032586966214,0.07887357809420215,True,True,0.41111111111111115,0.1488333333333333,0.6534444444444444,True
M3_S10_R1_sma0.03_rho0.5_beta0.05,193,3,10,1,0.03,0.5,0.05,1.8661697169214542e-11,0.03590751013866989,True,0.3083789348602295,0.0228387058878982,0.03789097558853437,0.016647163382627048,True,True,0.000816730255750368,0.0008162076372028648,0.00033401904745678537,4.423988768758106e-06,0.43526530265808105,0.037890975588534256,0.0020755931649539547,0.0764839522322643,True,True,0.48666666666666664,0.2021666666666667,0.7489444444444444,True
M3_S10_R1_sma0.03_rho0.5_beta0.05,194,3,10,1,0.03,0.5,0.05,2.962624546745379e-27,0.06521330269537048,True,0.3822653293609619,0.00010676195356994721,0.07327506485857277,0.01891122302857099,True,True,0.0009003368850813688,0.002087782295565381,0.00044641784614638647,3.613833233170378e-05,0.15216636657714844,0.0732750648585705,0.04003903673991603,0.11283498831786941,True,True,0.6888888888888889,0.48433333333333334,0.8777777777777778,True
M3_S10_R1_sma0.03_rho0.5_beta0.05,195,3,10,1,0.03,0.5,0.05,4.16755943960791e-36,0.07944711664313812,True,0.3517739772796631,0.004610862643890622,0.07796748724165681,0.027520853934193446,True,True,0.0008401486773035948,0.004352430044652204,0.0010520812341703759,3.845585128771864e-06,0.20088410377502441,0.07796748724165088,0.028004545885819663,0.12447886187127849,True,True,0.5333333333333334,0.27777777777777773,0.7645,True
M3_S10_R1_sma0.03_rho0.5_beta0.05,196,3,10,1,0.03,0.5,0.05,1.1616379342381788e-13,0.04413273692543188,True,0.2655045986175537,0.0345230605101077,0.04936491528122809,0.02335243417718054,True,True,0.0008939244753891991,0.0009734838696304729,0.0007286118254603528,2.0023960062970703e-07,0.3199899196624756,0.04936491528122267,-0.0015507671515005903,0.09430747477034167,False,True,0.6244444444444444,0.3643333333333333,0.8356111111111111,True
M3_S10_R1_sma0.03_rho0.5_beta0.05,197,3,10,1,0.03,0.5,0.05,7.776470279744807e-06,0.02732024089534045,True,0.30643463134765625,0.42033833409274535,0.026626042615162517,0.033041580587235886,True,True,0.0008999056524642402,0.0026009209689467896,0.0015476285063079824,1.5123156756836334e-06,0.3946993350982666,0.026626042615164672,-0.03201050751678198,0.0740971959802556,False,True,0.14888888888888885,-0.16233333333333338,0.4600555555555555,False
M3_S10_R1_sma0.03_rho0.5_beta0.05,198,3,10,1,0.03,0.5,0.05,0.010404450636560725,0.01575355816283378,True,0.32282280921936035,0.5774574345201569,0.015250535663405822,0.027374741746961313,True,True,0.0008897818281409809,0.002729492505096151,0.0010350865457551706,8.384861791398624e-06,0.23585033416748047,0.015250535663404764,-0.01960639600654586,0.052160298133268765,False,True,0.12222222222222223,-0.1801111111111111,0.4290555555555554,False
M3_S10_R1_sma0.03_rho0.5_beta0.05,199,3,10,1,0.03,0.5,0.05,0.00016274948415656893,0.027313392261071493,True,0.3854503631591797,0.4558486509857531,0.027126475874790088,0.03637719643431654,True,True,0.0008823270820127078,0.005526270940948508,0.001896717922429993,3.3490444975988564e-05,0.23982787132263184,0.02712647587479772,-0.02661457594576683,0.09468717052507046,False,True,0.10666666666666669,-0.20027777777777772,0.3978333333333333,False
M3_S10_R1_sma0.03_rho0.5_beta0.05,200,3,10,1,0.03,0.5,0.05,4.374519528157213e-06,0.030666786223817268,True,0.1960592269897461,0.20991581081069355,0.036842779354435196,0.029384964420367234,True,True,0.0008292494047239552,0.0009211921298858477,0.0012122892605068167,1.532820727105075e-07,0.35600852966308594,0.03684277935442871,-0.014948031201199178,0.10362031938777708,False,True,0.3355555555555556,0.028833333333333353,0.6045555555555554,True
M3_S10_R1_sma0.03_rho0.5_beta0.05,201,3,10,1,0.03,0.5,0.05,3.827850716422351e-33,0.07267237218799104,True,0.3661346435546875,7.204211435194353e-06,0.07763725860338005,0.017300534444923778,True,True,0.0009977805614273698,0.0007489987415026609,0.000349184681977253,3.0169771248297477e-07,0.39609670639038086,0.07763725860337942,0.02260184358261281,0.11800566160252585,True,True,0.7666666666666666,0.5443888888888889,0.9289444444444444,True
M3_S10_R1_sma0.03_rho0.5_beta0.05,202,3,10,1,0.03,0.5,0.05,2.1813510318294778e-17,0.0506719754781016,True,0.4546999931335449,5.81855299747209e-05,0.05041428524956473,0.012540707700981172,True,True,0.0009772703711928912,0.00990294599831727,0.00013817698734288296,3.159372238795172e-05,0.22562384605407715,0.05041428524956489,0.02338674051491358,0.07355616388709049,True,True,0.34,0.06888888888888894,0.5822777777777777,True
M3_S10_R1_sma0.03_rho0.5_beta0.05,203,3,10,1,0.03,0.5,0.05,5.236242366835053e-24,0.06755057760588795,True,0.40335941314697266,0.02262224975200728,0.06767971614189648,0.02968728191569839,True,True,0.000911634900165592,0.0027171271920184005,0.0012308385712967032,1.0800786388453743e-05,0.19761252403259277,0.06767971614190113,0.021329198719919805,0.11396655518774237,True,True,0.5422222222222222,0.29550000000000004,0.7467777777777777,True
M3_S10_R1_sma0.03_rho0.5_beta0.05,204,3,10,1,0.03,0.5,0.05,5.942977265655165e-29,0.06351438106650671,True,0.2635664939880371,0.000370357050407524,0.061537461718168665,0.01728409158459882,True,True,0.000843553629661781,0.003472134142303338,0.0003637543698910139,2.825065059611311e-06,0.15488791465759277,0.06153746171816776,0.03410225567237837,0.09191275301578092,True,True,0.548888888888889,0.2888333333333334,0.7577777777777779,True
M3_S10_R1_sma0.03_rho0.5_beta0.05,205,3,10,1,0.03,0.5,0.05,5.475391273869081e-18,0.050991119958387135,True,0.34711623191833496,0.032475634886254164,0.04897078688465626,0.02289952384837025,True,True,0.0007864858210298323,0.0018402653709784793,0.0007079337066201396,1.1820632707125956e-05,0.2005472183227539,0.04897078688465801,0.003555365771459951,0.08508802951754127,True,True,0.5222222222222221,0.2443888888888889,0.7489444444444444,True
M3_S10_R1_sma0.03_rho0.5_beta0.05,206,3,10,1,0.03,0.5,0.05,4.443945240360052e-06,0.02597307071897769,True,0.18092799186706543,0.2043906610960292,0.01923527934083045,0.015156136559794853,True,True,0.0008513232417818575,0.004853782469791988,0.0002594303889505377,1.8100350254616217e-05,0.20830225944519043,0.019235279340830025,-0.013718626030194926,0.057244084503471016,False,True,0.09333333333333332,-0.20894444444444446,0.37999999999999995,False
M3_S10_R1_sma0.03_rho0.5_beta0.05,207,3,10,1,0.03,0.5,0.05,1.9919346752104225e-28,0.05814559819564514,True,0.2567718029022217,6.876166308247849e-17,0.06358449265126487,0.0076156934655127375,True,True,0.0008566628741674988,0.00024563168090110146,1.3318930242296467e-06,7.57015562245513e-06,0.261699914932251,0.06358449265126419,0.046242953087671845,0.08211483739987342,True,True,0.8955555555555557,0.78,0.971111111111111,True
M3_S10_R1_sma0.03_rho0.5_beta0.05,208,3,10,1,0.03,0.5,0.05,2.8378504484205765e-08,0.04295829567056484,True,0.351609468460083,0.4107692032537035,0.03447936869609553,0.04191812821789255,True,True,0.0009056670359555251,0.0034446614880137114,0.00254512750634212,3.6067667285010796e-06,0.22278833389282227,0.03447936869608817,-0.04211681280574245,0.08512475480991244,False,True,0.2711111111111111,-0.05555555555555558,0.5822777777777777,False
M3_S10_R1_sma0.03_rho0.5_beta0.05,209,3,10,1,0.03,0.5,0.05,1.737094319212898e-59,0.08632190783835442,True,0.22582769393920898,4.7151574095645656e-07,0.08552890920644074,0.016978257658015104,True,True,0.0008384743496519046,0.0005949542075047604,0.0003485444146877244,8.202316170780556e-06,0.25368809700012207,0.08552890920643791,0.06444730134083587,0.10836513640246738,True,False,0.9644444444444444,0.9066666666666667,0.9978333333333333,True
M3_S10_R1_sma0.03_rho0.5_beta0.05,210,3,10,1,0.03,0.5,0.05,1.7255221381065726e-18,0.05923967782327,True,0.3943324089050293,0.06718681237491488,0.05371743187921323,0.029347015295828855,True,True,0.0009649638474659279,0.005079112486721186,0.0011953745754139508,1.9084325322972155e-06,0.12810087203979492,0.053717431879218305,0.012603443460390643,0.10509207783366849,True,True,0.4177777777777778,0.15761111111111115,0.6599999999999999,True
M3_S10_R1_sma0.03_rho0.5_beta0.05,211,3,10,1,0.03,0.5,0.05,3.761774365124907e-20,0.05311817071534727,True,0.3136732578277588,0.0005310889422772816,0.05377402281963061,0.01552114515298052,True,True,0.0008382046736058022,1.2537005118387482e-05,0.00027753845292927316,1.82250508692097e-05,0.2880575656890869,0.05377402281963419,0.010054449592978945,0.086824302492413,True,True,0.7488888888888889,0.551,0.9022777777777777,True
M3_S10_R1_sma0.03_rho0.5_beta0.05,212,3,10,1,0.03,0.5,0.05,6.119861344399782e-14,0.04252933195781357,True,0.34441518783569336,0.06541076693408472,0.04585227115118026,0.024886706163497526,False,True,0.0008741825684768325,0.001992354602692962,0.0008416039586547366,4.905440553613565e-06,0.30173182487487793,0.04585227115118129,0.01808343837468907,0.0736800633441829,True,True,0.43111111111111106,0.17994444444444443,0.6822777777777778,True
M3_S10_R1_sma0.03_rho0.5_beta0.05,213,3,10,1,0.03,0.5,0.05,1.3653366940552832e-32,0.06202126341291311,True,0.10856127738952637,6.576548746161501e-08,0.05251697650009116,0.009721096442615932,True,True,0.0007975488148918601,0.006381540950603778,6.199469258077447e-05,1.7758489534288718e-05,0.2282698154449463,0.05251697650009046,0.034339205964725464,0.07027996052028779,True,True,0.37777777777777777,0.11333333333333329,0.6155555555555556,True
M3_S10_R1_sma0.03_rho0.5_beta0.05,214,3,10,1,0.03,0.5,0.05,0.0027376147502417916,0.020696104415406938,True,0.2849283218383789,0.6657521296944233,0.014466087728474514,0.033487457159238655,True,True,0.0008803857167641215,0.0019106262535294842,0.001594076108811528,1.1792438363975703e-05,0.24935126304626465,0.014466087728474027,-0.038911674264704904,0.08137446002229717,False,True,-0.048888888888888926,-0.38449999999999995,0.2733333333333334,False
M3_S10_R1_sma0.03_rho0.5_beta0.05,215,3,10,1,0.03,0.5,0.05,1.4223882329781028e-12,0.04292619937533727,True,0.20957159996032715,0.0605782251325503,0.03819674241697715,0.02035464515215276,True,True,0.0009067290050388979,0.005116867528453532,0.0005307944684011757,2.8975163230652637e-06,0.1636345386505127,0.03819674241697604,-6.234603330531454e-05,0.07504895957695004,False,True,0.3422222222222222,0.046666666666666634,0.6178888888888888,True
M3_S10_R1_sma0.03_rho0.5_beta0.05,216,3,10,1,0.03,0.5,0.05,3.369755932491001e-36,0.07469016751633088,True,0.24389100074768066,0.000708648902394731,0.07289112718401129,0.021525867276789044,False,True,0.0008947244165241667,0.0006504654831754891,0.0006055720013745136,1.8234973776997692e-06,0.3485252857208252,0.07289112718401361,0.034476037097802226,0.12189338644372437,True,True,0.8799999999999999,0.7555555555555555,0.9755555555555555,True
M3_S10_R1_sma0.03_rho0.5_beta0.05,217,3,10,1,0.03,0.5,0.05,8.576271803375695e-11,0.03864476190859874,True,0.2418360710144043,0.29625792719311095,0.028542599022627544,0.02732678224547866,True,True,0.0009002550689104853,0.0020813023619878717,0.0010301040349466437,3.1804020130440805e-06,0.2481842041015625,0.028542599022628838,-0.0043290784834730325,0.05774886510314228,False,True,0.20222222222222225,-0.0912777777777778,0.4822222222222223,False
M3_S10_R1_sma0.03_rho0.5_beta0.05,218,3,10,1,0.03,0.5,0.05,2.0816314445213183e-08,0.030865009255595568,True,0.3042924404144287,0.09479649319323337,0.027638139861359386,0.016543629053578056,True,True,0.0007737083246853155,0.0006383261941896645,0.00033316666092505067,2.958547778421431e-05,0.2000744342803955,0.02763813986135896,0.0058043687021130524,0.04935205128297152,True,False,0.3444444444444445,0.07105555555555558,0.5912222222222222,True
M3_S10_R1_sma0.03_rho0.5_beta0.05,219,3,10,1,0.03,0.5,0.05,1.3266349997312666e-35,0.07181319999439166,True,0.16241097450256348,4.8619724363875194e-05,0.07461525273167169,0.018368346846834475,True,True,0.0009293215091118952,0.0009454681069457642,0.0004131620979172311,3.8081429794192955e-06,0.30384373664855957,0.07461525273167285,0.04197147864133799,0.1102929198557978,True,True,0.76,0.5577777777777777,0.9044444444444444,True
M3_S10_R1_sma0.03_rho0.5_beta0.05,220,3,10,1,0.03,0.5,0.05,4.474034956463124e-20,0.05910047903766522,True,0.2937016487121582,0.07512150589478633,0.050372993178833037,0.028303858521221463,True,True,0.0008270054725570436,0.007167094624194187,0.0011189620635281392,2.087788090456697e-05,0.14749383926391602,0.05037299317883169,0.008318749484500714,0.08875902735415778,True,True,0.3622222222222222,0.07105555555555558,0.6377777777777778,True
M3_S10_R1_sma0.03_rho0.5_beta0.05,221,3,10,1,0.03,0.5,0.05,5.607451744524631e-19,0.053576053132576136,True,0.3550701141357422,0.0605092379261666,0.054295745736009246,0.02892587990512863,True,True,0.0009006227036129862,0.001981346974844542,0.00116499752206756,1.5080653675093006e-06,0.2736818790435791,0.054295745736001925,0.02241230346369061,0.08849831936367496,True,True,0.43333333333333335,0.13327777777777775,0.6867222222222222,True
M3_S10_R1_sma0.03_rho0.5_beta0.05,222,3,10,1,0.03,0.5,0.05,1.6496733280662104e-08,0.03506481610206167,True,0.2514781951904297,0.3314330831343706,0.025224180838822503,0.025971341125535004,True,True,0.0008072810224661303,0.0030181240947131493,0.0009310377375416387,1.7371221930270707e-05,0.18386030197143555,0.025224180838825324,-0.01987960641239708,0.07213617972756169,False,True,0.24888888888888894,-0.06227777777777773,0.5513333333333331,False
M3_S10_R1_sma0.03_rho0.5_beta0.05,223,3,10,1,0.03,0.5,0.05,9.068208071187883e-29,0.0635663304047005,True,0.13271617889404297,0.009108123424964098,0.051939462752962746,0.01991567580999887,True,True,0.0007962238475546096,0.0011036712462784164,0.0005153288296979908,3.3320829229414003e-07,0.24533319473266602,0.05193946275295878,0.008819694593983676,0.08812995558001933,True,True,0.48444444444444446,0.21333333333333337,0.72,True
M3_S10_R1_sma0.03_rho0.5_beta0.05,224,3,10,1,0.03,0.5,0.05,8.268198210832944e-16,0.045415300472757145,True,0.16446185111999512,0.000492231810907334,0.04227792349990964,0.012131577773552059,True,True,0.0009364670383000432,0.00042186470891056446,0.0001271160650836141,1.7727610523706118e-06,0.2829122543334961,0.042277923499910094,-0.001868289218713313,0.0800548409548801,False,True,0.5666666666666667,0.33111111111111113,0.7955555555555556,True
M3_S10_R1_sma0.03_rho0.5_beta0.05,225,3,10,1,0.03,0.5,0.05,8.622198304847398e-26,0.05867053555837724,True,0.18330669403076172,0.0006876715631512766,0.06684224550366297,0.01969164060813792,True,True,0.0008135928651033242,0.004494396662127167,0.0005002817782497965,3.312670097224351e-13,0.20084190368652344,0.06684224550366592,0.03441584839523768,0.09745328093174106,True,True,0.5377777777777777,0.2711111111111111,0.7488888888888889,True
M3_S10_R1_sma0.03_rho0.5_beta0.05,226,3,10,1,0.03,0.5,0.05,2.962893704145177e-19,0.06291933255841661,True,0.3687703609466553,0.20147170577372908,0.05428251153438602,0.04249553233229752,True,True,0.0008839127893635697,0.004166618934221874,0.002620414123372235,0.00022850969633214988,0.3061802387237549,0.05428251153440178,0.010009570791033085,0.1138024753444644,True,True,0.22444444444444445,-0.08888888888888885,0.4955555555555555,False
M3_S10_R1_sma0.03_rho0.5_beta0.05,227,3,10,1,0.03,0.5,0.05,0.0002472620544168121,0.023875608811763673,True,0.3037421703338623,0.3200886217088409,0.02388122932657981,0.024018717651194964,True,True,0.001004744984380519,0.004700085478093409,0.0007648736979736846,1.2558287694719273e-05,0.18745636940002441,0.023881229326580617,-0.010552142290222966,0.06048524806817773,False,True,0.19999999999999996,-0.08227777777777776,0.47338888888888886,False
M3_S10_R1_sma0.03_rho0.5_beta0.05,228,3,10,1,0.03,0.5,0.05,6.285334269577434e-14,0.04414313860358516,True,0.16261029243469238,0.07411649553814671,0.04171784121797819,0.023359646054540804,True,True,0.0008025349429751608,0.0016689145374315744,0.0007382561013926126,3.195884794278707e-05,0.15204691886901855,0.04171784121797694,0.003900819225860479,0.07786996541492291,True,True,0.4777777777777778,0.20200000000000004,0.7178333333333333,True
M3_S10_R1_sma0.03_rho0.5_beta0.05,229,3,10,1,0.03,0.5,0.05,1.0146753859917495e-16,0.04562069939912429,True,0.32711315155029297,0.036334171708934264,0.05028677086694412,0.024024241704081985,True,True,0.0008027306119630902,0.00149902229533782,0.0007854732229878684,3.1808166423564036e-06,0.27933406829833984,0.05028677086694277,0.023112692030588054,0.08422136188893785,True,True,0.4444444444444444,0.1532222222222222,0.6933333333333334,True
M3_S10_R1_sma0.03_rho0.5_beta0.05,230,3,10,1,0.03,0.5,0.05,7.796511070452948e-09,0.03826420744876758,True,0.24738645553588867,0.1972055651062402,0.040232465761845686,0.0311987451419314,True,True,0.0008245294118349629,0.0076234516381241575,0.0013775896064631627,2.257601336893729e-05,0.16085577011108398,0.04023246576184526,-0.010804192542930847,0.09036995582014253,False,True,0.20222222222222225,-0.09344444444444443,0.4600555555555555,False
M3_S10_R1_sma0.03_rho0.5_beta0.05,231,3,10,1,0.03,0.5,0.05,0.00022925732603358743,0.02615830525715278,True,0.27958011627197266,0.5863363375983327,0.021717326764371655,0.03991034735180606,False,True,0.0009944516284687453,0.00372036673901149,0.002289808575766173,1.2448121320219103e-05,0.37569594383239746,0.021717326764371915,-0.06804860518447879,0.07897816126157314,False,True,0.24888888888888894,-0.08688888888888888,0.5734444444444443,False
M3_S10_R1_sma0.03_rho0.5_beta0.05,232,3,10,1,0.03,0.5,0.05,1.0675637225214316e-19,0.05386084189111332,True,0.1579122543334961,0.03792396496657593,0.04931139199604529,0.023756791386060985,True,True,0.0008094965366273075,0.006031500745262956,0.0007656280517785138,3.384908807038378e-06,0.24789953231811523,0.0493113919960493,0.00028500368043450424,0.09704235238532401,True,True,0.41111111111111115,0.10438888888888885,0.6824444444444443,True
M3_S10_R1_sma0.03_rho0.5_beta0.05,233,3,10,1,0.03,0.5,0.05,8.031360646520276e-14,0.040776260189134696,True,0.1360485553741455,0.0006012549777832676,0.04682427029563482,0.013647222387328833,True,True,0.0008348675444219655,0.0007167703281179527,0.00019588326389162534,1.7016086431303976e-07,0.31672191619873047,0.0468242702956352,0.02053034977600817,0.07108315448001179,True,True,0.6355555555555557,0.4042777777777778,0.8356111111111111,True
M3_S10_R1_sma0.03_rho0.5_beta0.05,234,3,10,1,0.03,0.5,0.05,2.4486986955982004e-27,0.06994855730333872,True,0.28166675567626953,0.0303858452856363,0.06192088359906375,0.028600552612849703,True,True,0.0009842091643292392,0.0019034530730712115,0.0011285664982075443,1.4326121466016507e-06,0.33861684799194336,0.06192088359905404,0.01345163450897872,0.09814830193988479,True,True,0.46222222222222226,0.19966666666666663,0.7155555555555555,True
M3_S10_R1_sma0.03_rho0.5_beta0.05,235,3,10,1,0.03,0.5,0.05,5.1789247518805227e-33,0.08072362641139022,True,0.14571166038513184,0.003091635496827967,0.0835179753129229,0.028230059588376075,True,True,0.0009643435547997992,0.009456033218370555,0.001098970041064837,4.604942774890888e-05,0.14124536514282227,0.08351797531291913,0.04934699986025824,0.11306909905125892,True,True,0.5155555555555555,0.2621111111111111,0.7467777777777777,True
M3_S10_R1_sma0.03_rho0.5_beta0.05,236,3,10,1,0.03,0.5,0.05,8.867342647757622e-13,0.04086777517299546,True,0.14098644256591797,0.014120464762884031,0.04637610453463918,0.01889675003608123,True,True,0.0008323404155947031,0.0006820258355350156,0.0004523967013297255,1.4877713523109789e-06,0.39568257331848145,0.04637610453463838,0.018114759524586774,0.07367005357436533,True,True,0.5822222222222222,0.34438888888888897,0.788888888888889,True
M3_S10_R1_sma0.03_rho0.5_beta0.05,237,3,10,1,0.03,0.5,0.05,1.2822922661965258e-11,0.037537155288414614,True,0.2545349597930908,5.849908047240293e-05,0.03759848286210277,0.009355684652948773,True,True,0.0009012637135781634,0.0005550894030446253,4.1166881630315714e-05,2.7806135599096328e-05,0.29416346549987793,0.03759848286210289,0.018491910613140396,0.057966804252078286,True,True,0.5355555555555556,0.2865555555555555,0.7644444444444445,True
M3_S10_R1_sma0.03_rho0.5_beta0.05,238,3,10,1,0.03,0.5,0.05,0.027235872224125986,0.015282482378789031,True,0.40676164627075195,0.569709931272429,0.021818252526237012,0.03838006706179921,True,True,0.0010054984213004562,0.003307192315700376,0.0021089944793717826,2.196086473617192e-06,0.3929297924041748,0.021818252526235312,-0.033229116920980205,0.07364744706211483,False,True,0.1288888888888889,-0.17116666666666672,0.4378333333333333,False
M3_S10_R1_sma0.03_rho0.5_beta0.05,239,3,10,1,0.03,0.5,0.05,3.4985078834905644e-14,0.0408261710960769,True,0.37554478645324707,0.00014167495356955264,0.048005514316293844,0.012615681257272688,True,True,0.0008117714041975955,0.00010521371370638758,0.00015755597995789202,8.32767788573753e-06,0.2555239200592041,0.04800551431629375,0.012835271626423901,0.0800351246551499,True,True,0.6777777777777778,0.4466666666666667,0.8755555555555556,True
M3_S10_R1_sma0.03_rho0.5_beta0.05,240,3,10,1,0.03,0.5,0.05,4.751879691770186e-21,0.05157236293663637,True,0.3481409549713135,7.107845554761564e-06,0.05415522242706656,0.012060133108539607,True,True,0.0008480619019111422,0.0010495240663629685,0.0001333640257024233,9.319438680663372e-06,0.20598173141479492,0.05415522242706594,0.028512527640432234,0.08099530147063734,True,True,0.6333333333333333,0.3932777777777778,0.8155555555555556,True
M3_S10_R1_sma0.03_rho0.5_beta0.05,241,3,10,1,0.03,0.5,0.05,9.972721842594027e-33,0.07111720204160797,True,0.3831319808959961,0.0009465491002490494,0.07198264767252777,0.021773663658310113,True,True,0.0009470416271581998,0.001760684377750114,0.0006164344809420059,5.916322109878721e-06,0.24981403350830078,0.07198264767252775,0.045789116490734624,0.09652549374928143,True,True,0.6311111111111112,0.42438888888888887,0.8111666666666666,True
M3_S10_R1_sma0.03_rho0.5_beta0.05,242,3,10,1,0.03,0.5,0.05,4.747290901700748e-09,0.0329282862699724,True,0.33432769775390625,0.33985744667169715,0.0211510364769368,0.022160515379215602,True,True,0.0008310072160921566,0.0012917755131766214,0.0006535319411994272,2.0476480329423685e-06,0.4574854373931885,0.021151036476936867,-0.0009574776267935738,0.04746822518428474,False,False,0.26666666666666666,-0.020000000000000018,0.5577777777777777,False
M3_S10_R1_sma0.03_rho0.5_beta0.05,243,3,10,1,0.03,0.5,0.05,1.2761577276001294e-19,0.053163146472499104,True,0.35260891914367676,0.0010799838065032208,0.057690686367717854,0.01764880020683812,True,True,0.0008604330549197976,0.007389897121295244,0.0003811769176193586,3.190203396031221e-05,0.2038252353668213,0.05769068636771852,0.024085054729438383,0.09677351677848531,True,True,0.3711111111111111,0.0888333333333333,0.6178333333333332,True
M3_S10_R1_sma0.03_rho0.5_beta0.05,244,3,10,1,0.03,0.5,0.05,1.5370171082396127e-07,0.03312653851481059,True,0.4351489543914795,0.12131741637371206,0.02878729498607565,0.01858122887637441,True,True,0.001067673946416457,0.0024707383479008085,0.0004111257051926855,2.7997928527296284e-06,0.4055602550506592,0.028787294986075677,-0.00393721338714169,0.0569047766786584,False,True,0.2822222222222222,0.0,0.5645,False
M3_S10_R1_sma0.03_rho0.5_beta0.05,245,3,10,1,0.03,0.5,0.05,4.4957021957178655e-20,0.05081585538817111,True,0.16027140617370605,7.105948352222455e-05,0.04826393779693108,0.012148869520733276,True,True,0.0008612800730848974,0.005149851996654835,0.00013526453863921262,2.0480490598353944e-05,0.26340270042419434,0.0482639377969313,0.011685448057432138,0.07876348295205149,True,True,0.37999999999999995,0.08433333333333339,0.6244444444444444,True
M3_S10_R1_sma0.03_rho0.5_beta0.05,246,3,10,1,0.03,0.5,0.05,6.143049836676479e-33,0.06874977891918307,True,0.24229860305786133,0.0007936979070949057,0.06889115950323792,0.020533980174745302,True,True,0.0007821680015517578,0.00042137090894214183,0.0005542497125700322,2.3351791621213605e-05,0.22142839431762695,0.06889115950323506,0.027791843349801698,0.10434475921569422,True,True,0.7911111111111111,0.5977777777777777,0.9333333333333333,True
M3_S10_R1_sma0.03_rho0.5_beta0.05,247,3,10,1,0.03,0.5,0.05,2.0681543269490575e-07,0.036355302216846505,True,0.32167744636535645,0.254643004750967,0.03518530119923674,0.030887485942739205,False,True,0.001013736310896066,0.010053562700598742,0.001329681550704793,1.4110383976961308e-05,0.4747624397277832,0.035185301199238975,-0.024773621015421007,0.07511774922308052,False,True,0.34888888888888886,0.042166666666666665,0.6156666666666667,True
M3_S10_R1_sma0.03_rho0.5_beta0.05,248,3,10,1,0.03,0.5,0.05,1.9327839656522154e-05,0.025331464905084162,True,0.3646266460418701,0.026068119858855727,0.03181386544818461,0.014297110566669921,True,True,0.0009131032065745046,0.0007656247194585271,0.0002153007351759286,3.689102472134404e-05,0.18237686157226562,0.03181386544818422,0.0006760196364014992,0.05944610258848881,True,True,0.3711111111111111,0.10205555555555555,0.6289444444444443,True
M3_S10_R1_sma0.03_rho0.5_beta0.05,249,3,10,1,0.03,0.5,0.05,4.925137047770943e-26,0.06181586549846825,True,0.5594997406005859,0.0051413926063868555,0.06179563969520577,0.02208534002503024,False,True,0.000856304381107115,0.0014851554557376904,0.0006460129279210927,2.6859146334515173e-06,0.4610593318939209,0.06179563969520687,0.0199031565762032,0.1072854790022703,True,True,0.5533333333333332,0.29550000000000004,0.7668333333333331,True
M3_S10_R1_sma0.03_rho0.5_beta0.05,250,3,10,1,0.03,0.5,0.05,1.9515559807778542e-21,0.06304831402331314,True,0.5408990383148193,0.012686333313654877,0.07038649129828226,0.028239822028346434,True,True,0.0009822527591027614,0.0013502631098832208,0.0010980060463788761,6.561784053804589e-07,0.21547269821166992,0.07038649129828892,0.03860565998746834,0.10706014568625641,True,True,0.6244444444444444,0.39988888888888885,0.8156111111111111,True
M3_S10_R1_sma0.03_rho0.5_beta0.05,251,3,10,1,0.03,0.5,0.05,2.7610361720842305e-18,0.05143038178450483,True,0.44667673110961914,0.0010130803409543823,0.05664579752316917,0.01723396995047406,True,True,0.0009252965972414623,0.006259615992631205,0.0003529849206566289,4.009559672313107e-06,0.18843746185302734,0.056645797523169915,0.012839414942233632,0.0886857436206183,True,True,0.4466666666666667,0.17994444444444443,0.6777777777777778,True
M3_S10_R1_sma0.03_rho0.5_beta0.05,252,3,10,1,0.03,0.5,0.05,0.00034086868191474486,0.021282612610539885,True,0.463756799697876,0.5955691075164811,0.014610177999249921,0.02752570418109347,True,True,0.0007846601487320494,0.0018407930462950013,0.0010580305711243006,3.164244737071919e-06,0.3901560306549072,0.014610177999249232,-0.018805771098566588,0.05394732250384801,False,True,0.09333333333333332,-0.2069444444444445,0.39561111111111114,False
M3_S10_R1_sma0.03_rho0.5_beta0.05,253,3,10,1,0.03,0.5,0.05,2.2937641517153676e-16,0.04706984838556705,True,0.20856738090515137,0.022023051565292443,0.03582059096284074,0.01564238388424924,True,True,0.0009104376901597092,0.0005146847632550863,0.0002759824913573544,2.869570188439269e-06,0.2952892780303955,0.0358205909628408,0.00846527210487745,0.07154178671257833,True,True,0.46222222222222226,0.1866666666666667,0.7,True
M3_S10_R1_sma0.03_rho0.5_beta0.05,254,3,10,1,0.03,0.5,0.05,2.812226185298922e-45,0.07926233152362284,True,0.279965877532959,0.00022893270611114896,0.07855831986187123,0.021319885954230743,True,True,0.0009019043251666891,0.0009830232947087116,0.0005916158731353688,1.89278791073994e-06,0.4351074695587158,0.07855831986186157,0.05433187366144286,0.10283343436246864,True,False,0.8333333333333333,0.6754999999999999,0.9577777777777778,True
M3_S10_R1_sma0.03_rho0.5_beta0.05,255,3,10,1,0.03,0.5,0.05,2.0953395549370584e-23,0.052178495136121265,True,0.27878332138061523,0.0001831870960687846,0.056525979918946256,0.015109290984119528,True,True,0.0008185783771041157,0.0013749444110448433,0.0002605781733537799,1.2450641079110983e-05,0.4365665912628174,0.05652597991894544,0.03428345752142603,0.08329277964017749,True,True,0.6111111111111112,0.35111111111111115,0.8111111111111111,True
M3_S10_R1_sma0.03_rho0.5_beta0.05,256,3,10,1,0.03,0.5,0.05,7.829311370625395e-29,0.06650600377521812,True,0.36849451065063477,0.00035543910509875954,0.07260626683716931,0.020331432178496985,True,True,0.0008683911540593174,0.010730612913512131,0.0005332115862372878,1.3441638671939854e-05,0.23880600929260254,0.0726062668371678,0.028289638309741887,0.11152914168862717,True,True,0.38222222222222224,0.08438888888888893,0.6289444444444443,True
M3_S10_R1_sma0.03_rho0.5_beta0.05,257,3,10,1,0.03,0.5,0.05,6.343032912956518e-16,0.04952247266938681,True,0.24137616157531738,0.023649314109666444,0.050885315360186284,0.02248797370258932,True,True,0.0009082612932943705,0.0011329697899969404,0.0006677373125431413,2.729429348413089e-10,0.16760826110839844,0.0508853153601885,0.002898978561380572,0.10207233419990541,True,True,0.548888888888889,0.3155555555555556,0.7578333333333334,True
M3_S10_R1_sma0.03_rho0.5_beta0.05,258,3,10,1,0.03,0.5,0.05,5.194073993277488e-11,0.03864326901489821,True,0.24764585494995117,0.0005088304177092677,0.041628633711598514,0.011975795333186942,True,True,0.0009783704726266842,0.0011339702578847665,0.00011729246353090354,1.065656576309591e-05,0.2534141540527344,0.041628633711598716,0.01497153007618932,0.06894108306327665,True,True,0.48,0.2221666666666667,0.7044999999999999,True
M3_S10_R1_sma0.03_rho0.5_beta0.05,259,3,10,1,0.03,0.5,0.05,2.0705997678990866e-14,0.04583261461775144,True,0.24666905403137207,0.04111045624775651,0.03421378082941292,0.0167516362720412,True,True,0.0009202112900960053,0.0033375430145800022,0.00032890484767655653,4.244040947779848e-05,0.18175411224365234,0.03421378082941293,0.000608854392188925,0.06662487657749382,True,True,0.2822222222222222,0.004444444444444473,0.5355555555555556,True
M3_S10_R1_sma0.03_rho0.5_beta0.05,260,3,10,1,0.03,0.5,0.05,2.473140692559377e-13,0.041467703659225905,True,0.23772501945495605,0.0034183494306561832,0.0446168191238595,0.015241230919489673,True,True,0.000865958480179,0.0013574919037057519,0.0002618468318939051,6.025955759566185e-06,0.16296648979187012,0.044616819123858314,0.01696535199681681,0.08030262598685652,True,True,0.5444444444444445,0.2911111111111111,0.7579444444444444,True
M3_S10_R1_sma0.03_rho0.5_beta0.05,261,3,10,1,0.03,0.5,0.05,3.5637003206757937e-13,0.04248998281169451,True,0.2545206546783447,0.0807166097318218,0.0444901739584143,0.0254732744793182,True,True,0.0009285589199391619,0.001631815620592772,0.0008804756770540656,5.10836342974116e-06,0.5000295639038086,0.04449017395840982,0.01831121347611229,0.07468127474239543,True,True,0.3666666666666667,0.10222222222222221,0.6333888888888888,True
M3_S10_R1_sma0.03_rho0.5_beta0.05,262,3,10,1,0.03,0.5,0.05,1.6946062580050059e-22,0.05778795236026181,True,0.22149395942687988,0.006692095318860166,0.057154750136302925,0.021076391579092003,True,True,0.0008842126237849172,0.0006661739127237431,0.0005779001606142963,1.4150558892675245e-06,0.41346287727355957,0.057154750136299,0.029599223829768446,0.08833116813049258,True,True,0.7511111111111111,0.5532222222222222,0.9044999999999999,True
M3_S10_R1_sma0.03_rho0.5_beta0.05,263,3,10,1,0.03,0.5,0.05,1.7997986587998546e-39,0.07026267256114178,True,0.4858682155609131,9.876063045543283e-16,0.06628564012466327,0.008256405769727552,True,True,0.0008029187546959882,0.0024594615474133846,2.1960478881986474e-05,3.609279408889686e-05,0.23811125755310059,0.06628564012466376,0.049085410651195344,0.08406590736999721,True,True,0.6644444444444444,0.4399444444444444,0.8423333333333333,True
M3_S10_R1_sma0.03_rho0.5_beta0.05,264,3,10,1,0.03,0.5,0.05,6.674484656236351e-18,0.05134490198490738,True,0.3762624263763428,0.06193961246810725,0.04751179578024201,0.025451914480199962,True,True,0.0007579745104159584,0.008720535003271263,0.0008959024750195483,4.914590339265502e-06,0.1780099868774414,0.047511795780242116,0.009435123559386194,0.08423302746235331,True,True,0.2733333333333334,-0.017777777777777726,0.5446666666666665,False
M3_S10_R1_sma0.03_rho0.5_beta0.05,265,3,10,1,0.03,0.5,0.05,1.5815109714506667e-12,0.04326795932062532,True,0.19887161254882812,0.018830665792067047,0.047029125949992964,0.020022052952824405,True,True,0.0009353708351090584,0.0011017919422369228,0.0005077868231576415,2.7224531974158628e-05,0.23495101928710938,0.04702912594999285,0.01735347087547918,0.07964990492339176,True,True,0.5222222222222221,0.24666666666666665,0.7444999999999999,True
M3_S10_R1_sma0.03_rho0.5_beta0.05,266,3,10,1,0.03,0.5,0.05,0.001023173023971469,0.017672705967782608,True,0.2287273406982422,0.00302052711199226,0.025322243433460064,0.00853853929852982,True,True,0.000847085554433946,0.0026196606407720502,2.465142458541346e-05,4.263916140514302e-06,0.4186561107635498,0.02532224343346,0.005807562859295294,0.04681284390056489,True,False,0.2888888888888889,-0.020000000000000018,0.5533888888888887,False
M3_S10_R1_sma0.03_rho0.5_beta0.05,267,3,10,1,0.03,0.5,0.05,3.6253854378188805e-27,0.06520437199467381,True,0.3615279197692871,0.0027909095756852736,0.06492767502636163,0.021715843962814358,True,True,0.000858121425587178,0.0037573442539545867,0.0006215546759672396,1.4058443998899926e-05,0.23630666732788086,0.06492767502636157,0.029585311403614603,0.111857936029289,True,True,0.48444444444444446,0.2311111111111111,0.7088888888888889,True
M3_S10_R1_sma0.03_rho0.5_beta0.05,268,3,10,1,0.03,0.5,0.05,5.136823849060711e-38,0.06999028509914797,True,0.16336989402770996,2.737204525983168e-20,0.07219953467838287,0.007823298421776707,False,True,0.0009143282709755464,0.007010624158670819,3.731701967062103e-07,2.061134364246423e-06,0.44240355491638184,0.07219953467838286,0.054035558561841474,0.09644321499775282,True,False,0.5822222222222222,0.3288333333333333,0.7911666666666666,True
M3_S10_R1_sma0.03_rho0.5_beta0.05,269,3,10,1,0.03,0.5,0.05,1.6270286773305761e-21,0.05339373684624776,True,0.34895968437194824,0.0068138559754935815,0.04903478806295761,0.01812205434626154,False,True,0.0008415196763719269,0.004568201382393986,0.00040846131295609137,2.043013818822625e-05,0.4287106990814209,0.049034788062958204,0.0050400260528144615,0.0914637181462409,True,True,0.3866666666666667,0.09105555555555558,0.6777777777777778,True
M3_S10_R1_sma0.03_rho0.5_beta0.05,270,3,10,1,0.03,0.5,0.05,1.9178792586634468e-29,0.0709301266791743,True,0.3374354839324951,0.011801351839751935,0.07081289725994368,0.028122348901102198,True,True,0.0008782325254273023,0.001664454247841589,0.001098476509030383,8.677631463814936e-07,0.42719244956970215,0.07081289725995205,0.017945901485248023,0.11394900742050516,True,True,0.5555555555555556,0.2821666666666667,0.7777777777777777,True
M3_S10_R1_sma0.03_rho0.5_beta0.05,271,3,10,1,0.03,0.5,0.05,8.10755056139554e-12,0.039782328357765295,True,0.3625457286834717,0.0303264450748999,0.04410893583942334,0.020366113355586007,True,True,0.0009015980510705523,0.0006232495129742284,0.0005320080547118084,3.4126219589657666e-06,0.2781350612640381,0.044108935839423075,0.008440762326415127,0.08652922589229489,True,True,0.5777777777777777,0.35550000000000004,0.7845,True
M3_S10_R1_sma0.03_rho0.5_beta0.05,272,3,10,1,0.03,0.5,0.05,4.4766765133898685e-15,0.04297837260828566,True,0.31198787689208984,0.01548850992153051,0.05146696215593713,0.02126074753660958,True,True,0.0007539925750240368,0.0007126074042049079,0.0006026298212208149,2.2376322575066742e-07,0.2698209285736084,0.05146696215594103,0.0019152243662373645,0.0925223668647926,True,True,0.6022222222222222,0.3666666666666667,0.7866666666666666,True
M3_S10_R1_sma0.03_rho0.5_beta0.05,273,3,10,1,0.03,0.5,0.05,2.3803469821083934e-16,0.050361755565998166,True,0.5598275661468506,0.019661745570258377,0.05068836824680668,0.02172910294759379,True,True,0.0009044189915659476,0.002883024099956128,0.0006177889732040631,1.4782143780670397e-05,0.19191718101501465,0.05068836824680571,0.020144110520689058,0.0876304991300407,True,True,0.4955555555555555,0.2377777777777778,0.731111111111111,True
M3_S10_R1_sma0.03_rho0.5_beta0.05,274,3,10,1,0.03,0.5,0.05,1.7411961212773156e-14,0.04356069884565996,True,0.16749930381774902,0.04135958950869445,0.0413085833637522,0.02025022875078317,True,True,0.0008068374345064991,0.007146992735690718,0.000534423903237935,3.990469345391923e-06,0.2048499584197998,0.04130858336375336,0.011219329363641556,0.06656834941622548,True,True,0.3422222222222222,0.057611111111111106,0.6156111111111111,True
M3_S10_R1_sma0.03_rho0.5_beta0.05,275,3,10,1,0.03,0.5,0.05,1.5026478475176186e-51,0.09139553691628294,True,0.39120030403137207,9.284349386364901e-06,0.09690798878741085,0.021859588862726084,True,True,0.0009222949756535844,0.0015300803896628231,0.000624532940305752,1.621208992907036e-06,0.3228142261505127,0.09690798878740871,0.06467837340883736,0.12400612585082016,True,False,0.8644444444444443,0.7287222222222223,0.9644999999999999,True
M3_S10_R1_sma0.03_rho0.5_beta0.05,276,3,10,1,0.03,0.5,0.05,1.591847748787769e-09,0.03512945879794996,True,0.1609809398651123,0.016226522838374606,0.03615172177998637,0.015039528400097878,True,True,0.0009253065316097758,0.0008383518337112215,0.00024675046858504816,1.9208210494846928e-05,0.2572002410888672,0.03615172177998672,0.008396205296506901,0.07249195842494995,True,True,0.44222222222222224,0.18222222222222223,0.6822222222222223,True
M3_S10_R1_sma0.03_rho0.5_beta0.05,277,3,10,1,0.03,0.5,0.05,4.390074409243206e-14,0.041605649999465893,True,0.1906108856201172,0.006071684500689846,0.047389196006254845,0.017270840370850447,True,True,0.0007781826029404834,0.0029912410856205783,0.0003696046303790611,6.8539276926293326e-06,0.2081911563873291,0.047389196006255505,0.006706396497429562,0.08176297210990656,True,True,0.4266666666666667,0.15100000000000002,0.6622777777777777,True
M3_S10_R1_sma0.03_rho0.5_beta0.05,278,3,10,1,0.03,0.5,0.05,9.000460207953515e-29,0.06642646736210638,True,0.303180456161499,0.0020649647108488874,0.06396358979579468,0.02076250423112973,True,True,0.0009170690400296592,0.0006146072374774144,0.0005549154689185652,2.6195857973041195e-06,0.4088907241821289,0.06396358979579321,0.023573786352218372,0.10596832481780505,True,True,0.7755555555555556,0.5911111111111111,0.9133333333333333,True
M3_S10_R1_sma0.03_rho0.5_beta0.05,279,3,10,1,0.03,0.5,0.05,9.749370438781573e-16,0.049221479063016056,True,0.3133878707885742,0.0014719975631842389,0.05138705960005374,0.016158699707541968,True,True,0.0010016472923960662,0.0062979863808640514,0.0002914906351181631,2.472914306759534e-05,0.18229293823242188,0.05138705960005328,0.015277135874456437,0.09218078889227237,True,True,0.39999999999999997,0.10433333333333329,0.6711666666666667,True
M3_S10_R1_sma0.03_rho0.5_beta0.05,280,3,10,1,0.03,0.5,0.05,1.2044166761958943e-25,0.06393400658681449,True,0.15786170959472656,4.1874811885483186e-05,0.07285261013608045,0.01778244280052604,True,True,0.0009813073100777066,0.004564125736956997,0.0003761921769232118,1.2311264378633819e-05,0.18896484375,0.07285261013608062,0.038590425567137716,0.10218083409070618,True,True,0.5622222222222222,0.29316666666666663,0.7778333333333332,True
M3_S10_R1_sma0.03_rho0.5_beta0.05,281,3,10,1,0.03,0.5,0.05,4.9794560259327984e-26,0.057378930509524,True,0.298084020614624,0.0001368885760251243,0.06276808001689926,0.0164584765654264,True,True,0.0007581743800138889,0.0029956473884072145,0.0003305047382806485,5.881335451239802e-06,0.2428722381591797,0.06276808001689667,0.028262179793508414,0.09442180421227228,True,True,0.5533333333333332,0.2998888888888889,0.7623333333333332,True
M3_S10_R1_sma0.03_rho0.5_beta0.05,282,3,10,1,0.03,0.5,0.05,1.2330025129980927e-20,0.052972427904193355,True,0.17259621620178223,4.076247522309109e-05,0.05417107045081532,0.013202426032980526,True,True,0.000944040552045709,0.0021805764700581387,0.00016705202452990968,8.010776927349877e-06,0.27276062965393066,0.05417107045081534,0.02785019742896185,0.08409868119065013,True,True,0.5800000000000001,0.3333333333333333,0.7889444444444444,True
M3_S10_R1_sma0.03_rho0.5_beta0.05,283,3,10,1,0.03,0.5,0.05,2.823296618944499e-21,0.0585340862883631,True,0.3848097324371338,0.010430550857407133,0.05313143200099862,0.02074458565017718,True,True,0.0009388872130067907,0.00982160245059427,0.0005516180293956233,1.7546760056711224e-05,0.26631689071655273,0.053131432000998985,0.013681894144079993,0.09821520030382101,True,True,0.2822222222222222,-0.008999999999999996,0.5667777777777777,False
M3_S10_R1_sma0.03_rho0.5_beta0.05,284,3,10,1,0.03,0.5,0.05,1.824213854717425e-30,0.07318410740987182,True,0.3824777603149414,0.007681373159934813,0.0750077632990054,0.02813744208512155,True,True,0.0008140676800677672,0.008264503855597674,0.0011061667026337045,1.4244706166254842e-05,0.21919989585876465,0.07500776329901099,0.019086296434148678,0.11773813695435194,True,True,0.48,0.1931666666666667,0.7533333333333334,True
M3_S10_R1_sma0.03_rho0.5_beta0.05,285,3,10,1,0.03,0.5,0.05,7.386563355269588e-29,0.05983523018805028,True,0.3882756233215332,1.1835623130926168e-11,0.063457769952518,0.00935651161214019,True,True,0.0008419398098733034,0.0019720230935640405,4.7122483334841775e-05,1.3717911544325613e-05,0.19312453269958496,0.06345776995251831,0.03901331437779724,0.09004396806593284,True,True,0.6244444444444444,0.4088333333333333,0.8111666666666666,True
M3_S10_R1_sma0.03_rho0.5_beta0.05,286,3,10,1,0.03,0.5,0.05,1.2644798482766752e-16,0.04737906826156525,True,0.3479924201965332,0.06449955663248769,0.039056289848716,0.021126228038924746,True,True,0.0009171545210670371,0.0008836745863857345,0.0005777608146222461,1.8517742659033428e-06,0.3547706604003906,0.03905628984871564,0.0116617823207885,0.06689974537072303,True,True,0.40444444444444444,0.09988888888888893,0.6424444444444443,True
M3_S10_R1_sma0.03_rho0.5_beta0.05,287,3,10,1,0.03,0.5,0.05,0.0001895718282108118,0.02140734973197492,True,0.2591979503631592,0.0019581355202464945,0.02845564283246482,0.009189586642392916,True,True,0.0009431003546445351,0.0007976948866705872,3.236271852261923e-05,1.6370868099557693e-05,0.23408961296081543,0.02845564283246511,0.009449421402630878,0.04722242800162573,True,False,0.33111111111111113,0.03111111111111109,0.6001666666666666,True
M3_S10_R1_sma0.03_rho0.5_beta0.05,288,3,10,1,0.03,0.5,0.05,1.395654848965328e-18,0.05502146584677438,True,0.3495965003967285,0.06145315070825371,0.054543111078124575,0.029163994226613938,False,True,0.0009473336586608335,0.0020406801254427846,0.0011810744730090068,2.285334490028458e-06,0.3987562656402588,0.05454311107812912,0.005538711622497196,0.10285420597430811,True,True,0.31777777777777777,0.04222222222222222,0.568888888888889,True
M3_S10_R1_sma0.03_rho0.5_beta0.05,289,3,10,1,0.03,0.5,0.05,0.0010081864512923799,0.019514697571086224,True,0.267925500869751,0.13476223501779777,0.024714500231540412,0.01652498896322854,True,True,0.0009277220522338698,0.0007036198682122901,0.00031684068512886085,2.3661156379681593e-05,0.22452306747436523,0.02471450023154178,-0.006931091852491305,0.0556677342155941,False,True,0.32,0.024388888888888936,0.5822777777777777,True
M3_S10_R1_sma0.03_rho0.5_beta0.05,290,3,10,1,0.03,0.5,0.05,0.4522231591950351,0.004642703802015622,True,0.2545046806335449,0.9128660103771633,0.0021111760426342475,0.019293495569339514,True,True,0.0009921345596336727,0.0017197657930186387,0.0004591450009628269,8.542736766418994e-06,0.2233731746673584,0.002111176042634689,-0.04248514800165661,0.05412503142144293,False,True,0.07111111111111112,-0.22227777777777782,0.35788888888888876,False
M3_S10_R1_sma0.03_rho0.5_beta0.05,291,3,10,1,0.03,0.5,0.05,7.486802984063678e-19,0.05260322566977236,True,0.2333240509033203,0.00044446666310336293,0.05239274077438539,0.014917492071896578,False,True,0.0008987886738052785,2.8997176086553992e-06,0.00024391848719211714,4.644760439968797e-05,0.5437700748443604,0.05239274077438538,0.022546317296410347,0.0817879889258146,True,True,0.768888888888889,0.5799444444444445,0.9089444444444443,True
M3_S10_R1_sma0.03_rho0.5_beta0.05,292,3,10,1,0.03,0.5,0.05,1.1387935471487704e-15,0.04489981264812953,True,0.3915688991546631,0.0015656164557563592,0.05236073104997236,0.01655812561499714,True,True,0.0008310897581220603,0.0032523949711999412,0.00032814831001082387,2.461448575895172e-06,0.15892529487609863,0.05236073104997244,0.025967037683725915,0.07975964834546223,True,True,0.4955555555555555,0.22222222222222227,0.7423333333333332,True
M3_S10_R1_sma0.03_rho0.5_beta0.05,293,3,10,1,0.03,0.5,0.05,5.940238458766386e-22,0.05320490206857385,True,0.24140477180480957,4.291502156533021e-06,0.050986767063165364,0.011091937825354023,True,True,0.000878681506540085,0.00038815754652160486,9.667847642826999e-05,1.0054241921228485e-05,0.22902917861938477,0.05098676706316542,0.020683051219600894,0.07945249182552554,True,True,0.6866666666666668,0.4888333333333334,0.8556111111111111,True
M3_S10_R1_sma0.03_rho0.5_beta0.05,294,3,10,1,0.03,0.5,0.05,7.88995574312131e-26,0.06146943522096392,True,0.16080737113952637,1.9506976839409094e-05,0.06622673562757463,0.015508101671097035,False,True,0.0009526789347090407,0.0008161169022948428,0.0002654839326907148,1.610855633117161e-06,0.384352445602417,0.06622673562757399,0.040159539667673605,0.09261118979331125,True,True,0.768888888888889,0.5799444444444445,0.9111666666666667,True
M3_S10_R1_sma0.03_rho0.5_beta0.05,295,3,10,1,0.03,0.5,0.05,4.3185173071245676e-13,0.0380476160587357,True,0.2013225555419922,0.002137442190712857,0.04398346426322245,0.014324812113155215,True,True,0.0008499003517409277,0.0007636520876140174,0.00022281032794170422,9.265218402246683e-06,0.34343481063842773,0.04398346426322261,0.024947294911180928,0.06242703736302294,True,True,0.5533333333333332,0.2821666666666667,0.7689444444444444,True
M3_S10_R1_sma0.03_rho0.5_beta0.05,296,3,10,1,0.03,0.5,0.05,2.879562758907557e-12,0.047515610583747675,True,0.2542266845703125,0.23045594296320937,0.04408689184419064,0.036764039493434666,True,True,0.0009611086594778364,0.0028155280487329615,0.0019312810338645743,2.037131173091309e-06,0.35645055770874023,0.04408689184419037,-0.008601755156975938,0.11992137145927297,False,True,0.20666666666666672,-0.08227777777777776,0.49783333333333335,False
M3_S10_R1_sma0.03_rho0.5_beta0.05,297,3,10,1,0.03,0.5,0.05,6.711138451191737e-09,0.040191238603900906,True,0.20441675186157227,0.29431520332667604,0.04016920613442927,0.03830373035811449,True,True,0.0009502051310424104,0.0034474931987924177,0.0021057431259162173,2.1790112324348158e-06,0.3583376407623291,0.04016920613443063,-0.00759098223326105,0.09078531151038209,False,True,0.1777777777777778,-0.11561111111111112,0.46011111111111097,False
M3_S10_R1_sma0.03_rho0.5_beta0.05,298,3,10,1,0.03,0.5,0.05,1.398517027525509e-13,0.0478261886854026,True,0.30917930603027344,0.025221551054653114,0.06075336733712153,0.0271463689812656,True,True,0.0008272607282400595,0.000885041075428655,0.001022661950476322,2.117550177733963e-07,0.3059813976287842,0.06075336733710967,0.020111543315660053,0.11227555032022588,True,True,0.6555555555555554,0.42438888888888887,0.8422777777777777,True
M3_S10_R1_sma0.03_rho0.5_beta0.05,299,3,10,1,0.03,0.5,0.05,6.100893926789186e-09,0.03439963017923126,True,0.3293294906616211,0.29445141262894736,0.02582493633285559,0.024632562983560202,True,True,0.0009075397567102151,0.0012649713680759737,0.0008193907630375836,1.0836475001223762e-06,0.2634413242340088,0.02582493633285566,-0.008853065431014362,0.05809953681457682,False,True,0.23333333333333334,-0.06672222222222221,0.5179444444444442,False
